timestamp, mouseX, mouseY, flowerX, flowerY
2025-09-22T13:06:38.821, 132.59, 107.10, 133.65, 111.33
2025-09-22T13:06:38.838, 132.59, 107.10, 135.60, 109.18
2025-09-22T13:06:38.854, 132.59, 107.10, 137.59, 107.06
2025-09-22T13:06:38.871, 132.59, 107.10, 139.61, 104.97
2025-09-22T13:06:38.888, 132.59, 107.10, 141.65, 102.93
2025-09-22T13:06:38.904, 132.59, 107.10, 143.74, 100.91
2025-09-22T13:06:38.921, 132.59, 107.10, 145.85, 98.94
2025-09-22T13:06:38.938, 132.59, 107.10, 148.00, 97.00
2025-09-22T13:06:38.954, 132.59, 107.10, 150.19, 95.09
2025-09-22T13:06:38.971, 132.59, 107.10, 152.40, 93.22
2025-09-22T13:06:38.990, 132.59, 106.61, 154.65, 91.39
2025-09-22T13:06:39.005, 132.59, 105.46, 156.93, 89.59
2025-09-22T13:06:39.022, 132.59, 104.62, 159.22, 87.84
2025-09-22T13:06:39.038, 133.95, 101.89, 161.56, 86.12
2025-09-22T13:06:39.055, 135.48, 97.66, 163.91, 84.44
2025-09-22T13:06:39.072, 139.44, 91.93, 166.31, 82.80
2025-09-22T13:06:39.088, 145.35, 86.44, 168.73, 81.20
2025-09-22T13:06:39.105, 155.29, 81.21, 171.18, 79.63
2025-09-22T13:06:39.122, 161.99, 78.49, 173.63, 78.12
2025-09-22T13:06:39.139, 167.94, 76.36, 176.15, 76.63
2025-09-22T13:06:39.155, 171.14, 75.65, 178.66, 75.20
2025-09-22T13:06:39.172, 173.02, 75.33, 181.19, 73.82
2025-09-22T13:06:39.187, 173.54, 75.33, 183.62, 72.54
2025-09-22T13:06:39.205, 174.05, 75.33, 186.33, 71.16
2025-09-22T13:06:39.221, 174.05, 75.33, 188.96, 69.89
2025-09-22T13:06:39.238, 174.29, 75.33, 191.58, 68.67
2025-09-22T13:06:39.255, 174.53, 75.33, 194.23, 67.49
2025-09-22T13:06:39.272, 175.36, 75.07, 196.89, 66.36
2025-09-22T13:06:39.288, 176.86, 74.75, 199.58, 65.27
2025-09-22T13:06:39.305, 179.16, 74.09, 202.28, 64.24
2025-09-22T13:06:39.322, 182.37, 73.38, 205.02, 63.23
2025-09-22T13:06:39.338, 186.59, 72.61, 207.75, 62.28
2025-09-22T13:06:39.355, 190.34, 71.87, 210.49, 61.38
2025-09-22T13:06:39.372, 196.34, 70.56, 213.26, 60.52
2025-09-22T13:06:39.389, 200.08, 69.42, 216.05, 59.70
2025-09-22T13:06:39.405, 205.06, 68.17, 218.85, 58.93
2025-09-22T13:06:39.422, 209.29, 67.03, 221.64, 58.21
2025-09-22T13:06:39.439, 213.62, 65.41, 224.47, 57.54
2025-09-22T13:06:39.455, 219.09, 63.76, 227.30, 56.91
2025-09-22T13:06:39.472, 225.15, 61.85, 230.13, 56.33
2025-09-22T13:06:39.488, 228.84, 60.74, 232.99, 55.80
2025-09-22T13:06:39.505, 231.57, 60.05, 235.83, 55.32
2025-09-22T13:06:39.522, 233.87, 59.05, 238.70, 54.88
2025-09-22T13:06:39.538, 236.59, 58.02, 241.58, 54.49
2025-09-22T13:06:39.555, 239.91, 56.91, 244.47, 54.15
2025-09-22T13:06:39.572, 243.12, 56.20, 247.34, 53.86
2025-09-22T13:06:39.588, 246.80, 55.82, 250.23, 53.61
2025-09-22T13:06:39.605, 250.49, 55.08, 253.11, 53.41
2025-09-22T13:06:39.622, 253.70, 54.74, 256.03, 53.26
2025-09-22T13:06:39.638, 256.43, 54.39, 258.91, 53.16
2025-09-22T13:06:39.655, 260.34, 53.65, 261.80, 53.11
2025-09-22T13:06:39.672, 264.02, 53.28, 264.70, 53.11
2025-09-22T13:06:39.688, 268.25, 53.28, 267.61, 53.15
2025-09-22T13:06:39.705, 272.47, 52.91, 270.49, 53.24
2025-09-22T13:06:39.722, 276.16, 52.91, 273.41, 53.39
2025-09-22T13:06:39.739, 279.84, 52.91, 276.31, 53.57
2025-09-22T13:06:39.756, 284.18, 52.91, 279.17, 53.81
2025-09-22T13:06:39.772, 290.18, 53.30, 282.06, 54.10
2025-09-22T13:06:39.788, 296.77, 54.18, 284.94, 54.43
2025-09-22T13:06:39.805, 302.94, 55.98, 287.80, 54.81
2025-09-22T13:06:39.822, 307.16, 57.14, 290.69, 55.24
2025-09-22T13:06:39.838, 310.37, 58.19, 293.54, 55.72
2025-09-22T13:06:39.855, 312.67, 58.84, 296.40, 56.24
2025-09-22T13:06:39.872, 314.18, 59.44, 299.23, 56.81
2025-09-22T13:06:39.888, 315.32, 60.01, 302.06, 57.43
2025-09-22T13:06:39.905, 316.18, 60.87, 304.89, 58.10
2025-09-22T13:06:39.922, 317.32, 61.44, 307.69, 58.81
2025-09-22T13:06:39.939, 318.46, 62.01, 310.49, 59.57
2025-09-22T13:06:39.955, 319.60, 62.86, 313.28, 60.38
2025-09-22T13:06:39.972, 320.45, 63.72, 316.04, 61.23
2025-09-22T13:06:39.989, 321.59, 64.29, 318.80, 62.13
2025-09-22T13:06:40.009, 323.02, 65.43, 321.53, 63.07
2025-09-22T13:06:40.021, 323.54, 65.95, 324.28, 64.07
2025-09-22T13:06:40.038, 324.68, 66.52, 326.97, 65.10
2025-09-22T13:06:40.055, 325.90, 67.40, 329.67, 66.18
2025-09-22T13:06:40.072, 327.41, 68.31, 332.33, 67.30
2025-09-22T13:06:40.088, 329.71, 69.61, 334.98, 68.47
2025-09-22T13:06:40.105, 332.01, 70.92, 337.62, 69.69
2025-09-22T13:06:40.122, 334.31, 72.22, 340.24, 70.95
2025-09-22T13:06:40.138, 336.61, 73.21, 342.82, 72.25
2025-09-22T13:06:40.155, 338.91, 74.52, 345.39, 73.59
2025-09-22T13:06:40.172, 341.64, 75.88, 347.94, 74.98
2025-09-22T13:06:40.188, 344.84, 77.32, 350.45, 76.40
2025-09-22T13:06:40.205, 348.16, 79.17, 352.94, 77.87
2025-09-22T13:06:40.222, 350.89, 80.53, 355.42, 79.38
2025-09-22T13:06:40.238, 353.19, 81.49, 357.87, 80.94
2025-09-22T13:06:40.255, 355.49, 82.80, 360.28, 82.52
2025-09-22T13:06:40.272, 358.41, 85.01, 362.68, 84.16
2025-09-22T13:06:40.288, 361.42, 87.62, 365.05, 85.84
2025-09-22T13:06:40.305, 364.88, 90.31, 367.40, 87.55
2025-09-22T13:06:40.322, 367.46, 92.89, 369.71, 89.31
2025-09-22T13:06:40.338, 369.06, 94.48, 371.99, 91.10
2025-09-22T13:06:40.355, 370.20, 95.63, 374.24, 92.92
2025-09-22T13:06:40.372, 371.39, 97.13, 376.46, 94.79
2025-09-22T13:06:40.388, 373.98, 99.71, 378.64, 96.68
2025-09-22T13:06:40.405, 375.94, 101.36, 380.80, 98.62
2025-09-22T13:06:40.422, 377.98, 103.41, 382.91, 100.59
2025-09-22T13:06:40.438, 379.18, 104.92, 385.01, 102.60
2025-09-22T13:06:40.455, 380.04, 106.06, 387.07, 104.64
2025-09-22T13:06:40.472, 380.97, 107.93, 389.09, 106.72
2025-09-22T13:06:40.488, 381.57, 109.44, 391.07, 108.83
2025-09-22T13:06:40.505, 382.56, 111.74, 393.02, 110.96
2025-09-22T13:06:40.522, 383.13, 112.88, 394.94, 113.14
2025-09-22T13:06:40.538, 383.70, 114.02, 396.82, 115.35
2025-09-22T13:06:40.555, 384.22, 115.11, 398.66, 117.58
2025-09-22T13:06:40.572, 384.82, 116.62, 400.46, 119.85
2025-09-22T13:06:40.588, 385.73, 118.13, 402.23, 122.15
2025-09-22T13:06:40.605, 386.98, 120.00, 403.97, 124.48
2025-09-22T13:06:40.622, 387.86, 121.51, 405.65, 126.83
2025-09-22T13:06:40.638, 388.71, 122.65, 407.30, 129.22
2025-09-22T13:06:40.655, 389.29, 123.79, 408.91, 131.63
2025-09-22T13:06:40.674, 390.14, 124.93, 410.49, 134.07
2025-09-22T13:06:40.688, 391.65, 126.13, 412.01, 136.53
2025-09-22T13:06:40.706, 392.79, 127.27, 413.51, 139.03
2025-09-22T13:06:40.722, 393.93, 128.12, 414.94, 141.52
2025-09-22T13:06:40.738, 394.45, 128.64, 416.34, 144.06
2025-09-22T13:06:40.755, 394.96, 129.15, 417.71, 146.63
2025-09-22T13:06:40.772, 396.16, 129.72, 419.02, 149.20
2025-09-22T13:06:40.788, 399.36, 131.14, 420.30, 151.80
2025-09-22T13:06:40.805, 404.71, 133.18, 421.53, 154.43
2025-09-22T13:06:40.822, 408.40, 135.02, 420.30, 151.80
2025-09-22T13:06:40.838, 412.09, 136.50, 419.03, 149.21
2025-09-22T13:06:40.855, 413.96, 137.12, 417.71, 146.63
2025-09-22T13:06:40.871, 415.11, 137.69, 416.35, 144.08
2025-09-22T13:06:40.888, 415.62, 138.21, 414.95, 141.54
2025-09-22T13:06:40.905, 416.45, 138.75, 413.50, 139.02
2025-09-22T13:06:40.922, 417.28, 139.01, 412.02, 136.54
2025-09-22T13:06:40.938, 417.79, 139.27, 410.49, 134.07
2025-09-22T13:06:40.955, 418.31, 139.52, 408.91, 131.63
2025-09-22T13:06:40.971, 418.31, 139.52, 407.31, 129.23
2025-09-22T13:06:40.988, 418.31, 139.52, 405.66, 126.84
2025-09-22T13:06:41.004, 418.31, 139.52, 403.97, 124.48
2025-09-22T13:06:41.022, 418.31, 139.75, 402.24, 122.17
2025-09-22T13:06:41.039, 418.31, 139.75, 400.46, 119.85
2025-09-22T13:06:41.055, 418.31, 139.99, 398.67, 117.59
2025-09-22T13:06:41.071, 418.31, 140.23, 396.83, 115.36
2025-09-22T13:06:41.088, 418.31, 140.23, 394.95, 113.15
2025-09-22T13:06:41.105, 416.22, 140.23, 393.04, 110.98
2025-09-22T13:06:41.121, 409.98, 136.31, 391.07, 108.83
2025-09-22T13:06:41.138, 406.96, 133.70, 389.09, 106.72
2025-09-22T13:06:41.156, 403.49, 131.00, 387.07, 104.64
2025-09-22T13:06:41.172, 400.90, 128.04, 385.02, 102.61
2025-09-22T13:06:41.189, 398.85, 125.98, 382.93, 100.60
2025-09-22T13:06:41.204, 396.79, 123.93, 380.88, 98.69
2025-09-22T13:06:41.222, 394.74, 121.87, 378.64, 96.68
2025-09-22T13:06:41.238, 391.72, 119.25, 376.46, 94.79
2025-09-22T13:06:41.255, 388.57, 116.10, 374.24, 92.92
2025-09-22T13:06:41.272, 386.06, 113.96, 371.99, 91.10
2025-09-22T13:06:41.288, 383.93, 111.46, 369.71, 89.31
2025-09-22T13:06:41.305, 381.87, 109.40, 367.41, 87.56
2025-09-22T13:06:41.321, 380.30, 107.83, 365.07, 85.85
2025-09-22T13:06:41.338, 378.79, 106.63, 362.70, 84.17
2025-09-22T13:06:41.355, 376.48, 105.32, 360.30, 82.53
2025-09-22T13:06:41.371, 374.05, 103.58, 357.99, 81.01
2025-09-22T13:06:41.388, 370.73, 101.73, 355.43, 79.39
2025-09-22T13:06:41.405, 368.33, 100.02, 352.96, 77.88
2025-09-22T13:06:41.422, 366.28, 97.96, 350.47, 76.41
2025-09-22T13:06:41.438, 364.71, 96.39, 347.93, 74.97
2025-09-22T13:06:41.455, 363.19, 95.19, 345.39, 73.59
2025-09-22T13:06:41.472, 361.14, 93.13, 342.83, 72.25
2025-09-22T13:06:41.488, 359.17, 91.48, 340.24, 70.95
2025-09-22T13:06:41.505, 356.21, 88.89, 337.64, 69.70
2025-09-22T13:06:41.522, 351.81, 86.07, 334.98, 68.47
2025-09-22T13:06:41.538, 347.95, 83.77, 332.34, 67.31
2025-09-22T13:06:41.555, 343.71, 81.47, 329.67, 66.18
2025-09-22T13:06:41.572, 337.71, 78.47, 326.99, 65.11
2025-09-22T13:06:41.589, 333.79, 76.08, 324.26, 64.06
2025-09-22T13:06:41.605, 329.39, 73.27, 321.55, 63.08
2025-09-22T13:06:41.621, 326.54, 71.48, 318.82, 62.14
2025-09-22T13:06:41.638, 323.66, 69.59, 316.06, 61.23
2025-09-22T13:06:41.653, 322.72, 69.27, 313.43, 60.42
2025-09-22T13:06:41.672, 320.41, 67.96, 310.64, 59.61
2025-09-22T13:06:41.688, 316.31, 66.59, 307.71, 58.82
2025-09-22T13:06:41.705, 312.61, 65.11, 304.89, 58.10
2025-09-22T13:06:41.722, 309.40, 64.02, 302.06, 57.43
2025-09-22T13:06:41.738, 306.18, 62.59, 299.24, 56.82
2025-09-22T13:06:41.755, 303.45, 61.23, 296.41, 56.25
2025-09-22T13:06:41.772, 301.57, 60.28, 293.54, 55.72
2025-09-22T13:06:41.788, 300.05, 59.99, 290.69, 55.24
2025-09-22T13:06:41.805, 298.90, 59.70, 287.82, 54.81
2025-09-22T13:06:41.822, 298.07, 59.70, 284.94, 54.43
2025-09-22T13:06:41.838, 296.55, 59.70, 282.08, 54.10
2025-09-22T13:06:41.855, 293.82, 59.70, 279.19, 53.81
2025-09-22T13:06:41.872, 290.07, 58.96, 276.31, 53.58
2025-09-22T13:06:41.888, 286.32, 58.22, 273.46, 53.39
2025-09-22T13:06:41.905, 281.97, 57.02, 270.51, 53.24
2025-09-22T13:06:41.922, 277.21, 55.83, 267.63, 53.15
2025-09-22T13:06:41.938, 274.47, 54.80, 264.72, 53.11
2025-09-22T13:06:41.955, 272.16, 54.14, 261.82, 53.11
2025-09-22T13:06:41.972, 270.65, 54.14, 258.91, 53.16
2025-09-22T13:06:41.988, 269.50, 54.14, 256.03, 53.26
2025-09-22T13:06:42.005, 267.98, 54.14, 253.15, 53.41
2025-09-22T13:06:42.022, 264.29, 54.14, 250.23, 53.61
2025-09-22T13:06:42.038, 260.06, 54.14, 247.36, 53.85
2025-09-22T13:06:42.055, 256.31, 54.14, 244.47, 54.15
2025-09-22T13:06:42.072, 252.61, 54.14, 241.58, 54.49
2025-09-22T13:06:42.088, 250.30, 54.14, 238.72, 54.88
2025-09-22T13:06:42.105, 248.79, 54.14, 235.85, 55.31
2025-09-22T13:06:42.122, 247.64, 54.14, 232.99, 55.80
2025-09-22T13:06:42.138, 246.80, 54.14, 230.15, 56.33
2025-09-22T13:06:42.155, 244.86, 54.14, 227.32, 56.91
2025-09-22T13:06:42.171, 240.63, 54.14, 224.60, 57.51
2025-09-22T13:06:42.189, 234.02, 54.90, 221.66, 58.21
2025-09-22T13:06:42.205, 229.25, 55.30, 218.87, 58.93
2025-09-22T13:06:42.222, 225.02, 55.69, 216.05, 59.70
2025-09-22T13:06:42.238, 221.33, 55.69, 213.28, 60.51
2025-09-22T13:06:42.255, 218.59, 56.03, 210.52, 61.37
2025-09-22T13:06:42.272, 215.86, 56.37, 207.76, 62.28
2025-09-22T13:06:42.289, 212.64, 56.71, 205.02, 63.23
2025-09-22T13:06:42.305, 208.95, 57.45, 202.29, 64.23
2025-09-22T13:06:42.322, 205.73, 58.49, 199.58, 65.27
2025-09-22T13:06:42.338, 202.04, 59.60, 196.91, 66.36
2025-09-22T13:06:42.355, 198.82, 61.02, 194.25, 67.49
2025-09-22T13:06:42.372, 195.61, 62.43, 191.58, 68.67
2025-09-22T13:06:42.388, 192.88, 63.45, 189.06, 69.84
2025-09-22T13:06:42.405, 190.14, 64.13, 186.36, 71.15
2025-09-22T13:06:42.422, 188.63, 65.04, 183.77, 72.46
2025-09-22T13:06:42.439, 186.74, 65.98, 181.20, 73.81
2025-09-22T13:06:42.455, 184.77, 67.63, 178.66, 75.20
2025-09-22T13:06:42.472, 182.38, 69.33, 176.13, 76.64
2025-09-22T13:06:42.488, 179.96, 71.06, 173.78, 78.03
2025-09-22T13:06:42.505, 178.39, 72.63, 171.23, 79.60
2025-09-22T13:06:42.521, 176.87, 73.82, 168.83, 81.13
2025-09-22T13:06:42.539, 175.72, 74.96, 166.32, 82.79
2025-09-22T13:06:42.555, 174.07, 76.92, 163.94, 84.42
2025-09-22T13:06:42.572, 172.01, 78.97, 161.56, 86.12
2025-09-22T13:06:42.588, 169.96, 81.02, 159.35, 87.74
2025-09-22T13:06:42.605, 167.99, 82.66, 156.93, 89.59
2025-09-22T13:06:42.622, 166.84, 83.80, 154.65, 91.39
2025-09-22T13:06:42.638, 165.69, 84.66, 152.41, 93.21
2025-09-22T13:06:42.655, 164.01, 86.71, 150.19, 95.09
2025-09-22T13:06:42.672, 162.44, 88.27, 148.02, 96.99
2025-09-22T13:06:42.688, 158.60, 90.96, 145.86, 98.93
2025-09-22T13:06:42.705, 155.81, 92.69, 143.75, 100.90
2025-09-22T13:06:42.722, 152.05, 95.07, 141.66, 102.92
2025-09-22T13:06:42.739, 150.54, 95.96, 139.61, 104.97
2025-09-22T13:06:42.755, 148.48, 98.06, 137.59, 107.06
2025-09-22T13:06:42.772, 146.52, 99.71, 135.60, 109.18
2025-09-22T13:06:42.788, 144.01, 101.84, 133.66, 111.32
2025-09-22T13:06:42.805, 141.16, 103.62, 131.75, 113.50
2025-09-22T13:06:42.821, 138.74, 105.35, 133.64, 111.34
2025-09-22T13:06:42.838, 136.32, 107.08, 135.60, 109.18
2025-09-22T13:06:42.855, 133.73, 110.40, 137.59, 107.06
2025-09-22T13:06:42.871, 131.45, 113.75, 139.50, 105.08
2025-09-22T13:06:42.887, 127.71, 117.49, 141.54, 103.04
2025-09-22T13:06:42.905, 123.62, 120.88, 143.75, 100.90
2025-09-22T13:06:42.921, 119.93, 123.09, 145.85, 98.94
2025-09-22T13:06:42.938, 117.14, 124.09, 148.00, 97.00
2025-09-22T13:06:42.955, 115.20, 124.71, 150.18, 95.10
2025-09-22T13:06:42.971, 114.62, 125.00, 152.28, 93.32
2025-09-22T13:06:42.988, 113.84, 125.77, 154.65, 91.39
2025-09-22T13:06:43.005, 113.31, 126.03, 156.93, 89.59
2025-09-22T13:06:43.021, 113.05, 126.03, 159.22, 87.84
2025-09-22T13:06:43.038, 113.05, 126.03, 161.57, 86.11
2025-09-22T13:06:43.054, 113.05, 126.03, 163.93, 84.43
2025-09-22T13:06:43.071, 113.05, 126.03, 166.32, 82.79
2025-09-22T13:06:43.088, 113.05, 126.03, 168.73, 81.20
2025-09-22T13:06:43.105, 114.22, 126.03, 171.16, 79.64
2025-09-22T13:06:43.122, 118.44, 124.09, 173.63, 78.12
2025-09-22T13:06:43.137, 125.45, 119.42, 176.00, 76.72
2025-09-22T13:06:43.155, 134.12, 113.26, 178.67, 75.20
2025-09-22T13:06:43.171, 142.25, 107.15, 181.20, 73.81
2025-09-22T13:06:43.188, 149.31, 101.05, 183.76, 72.46
2025-09-22T13:06:43.204, 154.74, 95.61, 186.21, 71.22
2025-09-22T13:06:43.222, 160.82, 90.00, 188.96, 69.89
2025-09-22T13:06:43.238, 168.05, 84.68, 191.58, 68.67
2025-09-22T13:06:43.254, 176.22, 80.35, 194.08, 67.56
2025-09-22T13:06:43.272, 182.45, 77.15, 196.89, 66.36
2025-09-22T13:06:43.288, 190.57, 72.47, 199.58, 65.28
2025-09-22T13:06:43.305, 193.89, 70.25, 202.28, 64.24
2025-09-22T13:06:43.321, 195.99, 68.20, 205.00, 63.24
2025-09-22T13:06:43.339, 198.12, 65.69, 207.75, 62.28
2025-09-22T13:06:43.355, 199.37, 63.81, 210.49, 61.38
2025-09-22T13:06:43.372, 201.05, 61.75, 213.26, 60.52
2025-09-22T13:06:43.389, 203.63, 58.79, 216.05, 59.70
2025-09-22T13:06:43.404, 206.58, 56.20, 218.70, 58.97
2025-09-22T13:06:43.420, 211.51, 53.31, 221.49, 58.25
2025-09-22T13:06:43.437, 216.60, 49.90, 224.32, 57.57
2025-09-22T13:06:43.455, 220.82, 47.97, 227.30, 56.91
2025-09-22T13:06:43.471, 225.05, 46.06, 230.15, 56.33
2025-09-22T13:06:43.488, 228.73, 44.95, 233.00, 55.80
2025-09-22T13:06:43.505, 231.04, 44.61, 235.87, 55.31
2025-09-22T13:06:43.521, 232.91, 44.61, 238.70, 54.88
2025-09-22T13:06:43.538, 234.42, 44.61, 241.58, 54.49
2025-09-22T13:06:43.555, 236.35, 44.61, 244.47, 54.15
2025-09-22T13:06:43.571, 238.65, 44.61, 247.36, 53.85
2025-09-22T13:06:43.588, 242.34, 45.34, 250.23, 53.61
2025-09-22T13:06:43.605, 247.10, 46.93, 253.11, 53.41
2025-09-22T13:06:43.622, 250.30, 48.00, 256.01, 53.26
2025-09-22T13:06:43.638, 253.99, 49.85, 258.93, 53.16
2025-09-22T13:06:43.655, 257.20, 51.27, 261.82, 53.11
2025-09-22T13:06:43.671, 259.50, 52.57, 264.56, 53.11
2025-09-22T13:06:43.688, 261.38, 53.51, 267.61, 53.15
2025-09-22T13:06:43.705, 263.68, 54.81, 270.51, 53.24
2025-09-22T13:06:43.721, 265.55, 55.75, 273.27, 53.38
2025-09-22T13:06:43.738, 268.28, 57.11, 276.29, 53.57
2025-09-22T13:06:43.755, 271.48, 58.53, 279.19, 53.81
2025-09-22T13:06:43.772, 275.71, 60.06, 282.06, 54.10
2025-09-22T13:06:43.788, 280.04, 61.59, 284.94, 54.43
2025-09-22T13:06:43.805, 283.25, 63.00, 287.82, 54.81
2025-09-22T13:06:43.822, 287.47, 64.54, 290.68, 55.24
2025-09-22T13:06:43.838, 292.52, 66.69, 293.54, 55.72
2025-09-22T13:06:43.855, 295.25, 67.71, 296.38, 56.24
2025-09-22T13:06:43.871, 298.57, 69.55, 299.24, 56.82
2025-09-22T13:06:43.888, 303.33, 71.54, 302.08, 57.44
2025-09-22T13:06:43.904, 307.72, 74.34, 304.74, 58.06
2025-09-22T13:06:43.924, 311.46, 76.21, 307.71, 58.82
2025-09-22T13:06:43.938, 316.22, 78.58, 310.49, 59.57
2025-09-22T13:06:43.955, 319.91, 80.79, 313.26, 60.38
2025-09-22T13:06:43.972, 323.59, 83.00, 316.04, 61.23
2025-09-22T13:06:43.989, 327.28, 85.21, 318.80, 62.13
2025-09-22T13:06:44.005, 330.60, 87.80, 321.53, 63.07
2025-09-22T13:06:44.022, 333.55, 90.01, 324.28, 64.07
2025-09-22T13:06:44.038, 335.86, 91.31, 326.97, 65.10
2025-09-22T13:06:44.055, 337.42, 92.88, 329.67, 66.18
2025-09-22T13:06:44.071, 339.29, 94.13, 332.33, 67.30
2025-09-22T13:06:44.088, 341.17, 95.38, 335.00, 68.48
2025-09-22T13:06:44.105, 343.04, 96.63, 337.62, 69.69
2025-09-22T13:06:44.121, 344.55, 97.82, 340.24, 70.95
2025-09-22T13:06:44.138, 345.69, 98.39, 342.82, 72.25
2025-09-22T13:06:44.154, 346.21, 98.91, 345.25, 73.52
2025-09-22T13:06:44.172, 346.72, 99.42, 347.94, 74.98
2025-09-22T13:06:44.188, 347.24, 99.68, 350.47, 76.41
2025-09-22T13:06:44.205, 347.75, 100.20, 352.96, 77.88
2025-09-22T13:06:44.221, 348.27, 100.71, 355.43, 79.39
2025-09-22T13:06:44.238, 349.10, 100.97, 357.87, 80.94
2025-09-22T13:06:44.255, 349.93, 101.51, 360.30, 82.53
2025-09-22T13:06:44.272, 350.75, 102.05, 362.68, 84.16
2025-09-22T13:06:44.288, 352.26, 102.65, 365.05, 85.84
2025-09-22T13:06:44.305, 354.14, 103.90, 367.40, 87.55
2025-09-22T13:06:44.322, 356.44, 105.21, 369.71, 89.31
2025-09-22T13:06:44.338, 358.31, 106.14, 371.98, 91.09
2025-09-22T13:06:44.355, 359.82, 107.03, 374.22, 92.91
2025-09-22T13:06:44.372, 363.48, 109.01, 376.46, 94.79
2025-09-22T13:06:44.387, 365.33, 110.12, 378.53, 96.59
2025-09-22T13:06:44.405, 370.91, 113.09, 380.80, 98.62
2025-09-22T13:06:44.421, 374.60, 114.93, 382.91, 100.59
2025-09-22T13:06:44.438, 377.44, 116.72, 385.01, 102.60
2025-09-22T13:06:44.455, 378.95, 117.91, 387.08, 104.66
2025-09-22T13:06:44.473, 380.82, 119.16, 389.08, 106.71
2025-09-22T13:06:44.488, 383.32, 121.66, 391.07, 108.83
2025-09-22T13:06:44.505, 386.79, 124.36, 393.03, 110.97
2025-09-22T13:06:44.522, 389.20, 126.09, 394.94, 113.14
2025-09-22T13:06:44.538, 391.61, 127.82, 396.82, 115.35
2025-09-22T13:06:44.555, 393.12, 129.01, 398.67, 117.59
2025-09-22T13:06:44.570, 393.69, 129.30, 400.38, 119.74
2025-09-22T13:06:44.587, 394.46, 129.81, 402.15, 122.04
2025-09-22T13:06:44.604, 394.46, 129.81, 403.97, 124.48
2025-09-22T13:06:44.622, 394.70, 129.81, 405.65, 126.83
2025-09-22T13:06:44.638, 394.70, 129.81, 407.30, 129.22
2025-09-22T13:06:44.654, 394.70, 130.05, 408.91, 131.63
2025-09-22T13:06:44.672, 394.94, 130.29, 410.49, 134.07
2025-09-22T13:06:44.687, 395.18, 130.53, 411.93, 136.39
2025-09-22T13:06:44.705, 395.70, 131.05, 413.50, 139.02
2025-09-22T13:06:44.721, 397.20, 131.64, 414.92, 141.49
2025-09-22T13:06:44.738, 398.34, 132.21, 416.34, 144.06
2025-09-22T13:06:44.755, 399.17, 132.50, 417.71, 146.63
2025-09-22T13:06:44.771, 400.00, 132.50, 418.95, 149.06
2025-09-22T13:06:44.788, 400.26, 132.50, 420.31, 151.82
2025-09-22T13:06:44.804, 400.26, 132.50, 421.53, 154.43
2025-09-22T13:06:44.821, 400.26, 132.50, 420.31, 151.82
2025-09-22T13:06:44.838, 400.26, 132.50, 419.03, 149.21
2025-09-22T13:06:44.854, 400.26, 132.50, 417.77, 146.75
2025-09-22T13:06:44.872, 400.26, 132.50, 416.35, 144.08
2025-09-22T13:06:44.888, 400.49, 132.50, 414.94, 141.52
2025-09-22T13:06:44.905, 400.49, 132.50, 413.50, 139.02
2025-09-22T13:06:44.921, 400.98, 132.50, 412.10, 136.67
2025-09-22T13:06:44.939, 402.75, 133.36, 410.49, 134.07
2025-09-22T13:06:44.955, 404.62, 134.29, 408.91, 131.63
2025-09-22T13:06:44.971, 406.13, 134.89, 407.30, 129.22
2025-09-22T13:06:44.988, 407.27, 135.75, 405.72, 126.93
2025-09-22T13:06:45.005, 408.10, 136.29, 403.97, 124.48
2025-09-22T13:06:45.022, 408.93, 136.83, 402.23, 122.15
2025-09-22T13:06:45.039, 409.44, 137.35, 400.46, 119.85
2025-09-22T13:06:45.055, 409.70, 137.86, 398.67, 117.59
2025-09-22T13:06:45.071, 409.70, 137.86, 396.82, 115.35
2025-09-22T13:06:45.088, 409.70, 137.86, 394.95, 113.15
2025-09-22T13:06:45.105, 409.22, 137.86, 393.03, 110.97
2025-09-22T13:06:45.121, 407.70, 136.66, 391.07, 108.83
2025-09-22T13:06:45.138, 403.67, 133.48, 389.08, 106.71
2025-09-22T13:06:45.155, 398.38, 129.09, 387.07, 104.64
2025-09-22T13:06:45.172, 392.65, 125.12, 385.01, 102.60
2025-09-22T13:06:45.188, 386.59, 120.95, 382.93, 100.60
2025-09-22T13:06:45.205, 383.10, 118.62, 380.80, 98.62
2025-09-22T13:06:45.222, 379.27, 115.92, 378.63, 96.67
2025-09-22T13:06:45.238, 375.23, 112.32, 376.46, 94.79
2025-09-22T13:06:45.255, 371.63, 109.08, 374.24, 92.92
2025-09-22T13:06:45.271, 368.05, 105.93, 371.98, 91.09
2025-09-22T13:06:45.288, 365.04, 103.31, 369.78, 89.36
2025-09-22T13:06:45.305, 360.95, 99.91, 367.40, 87.55
2025-09-22T13:06:45.321, 356.10, 95.91, 365.05, 85.84
2025-09-22T13:06:45.338, 352.27, 93.21, 362.70, 84.17
2025-09-22T13:06:45.354, 349.30, 90.63, 360.43, 82.62
2025-09-22T13:06:45.372, 347.34, 88.97, 357.87, 80.94
2025-09-22T13:06:45.388, 345.73, 87.37, 355.42, 79.38
2025-09-22T13:06:45.405, 345.16, 86.22, 352.96, 77.88
2025-09-22T13:06:45.421, 344.61, 85.38, 350.45, 76.40
2025-09-22T13:06:45.438, 344.34, 84.55, 347.94, 74.98
2025-09-22T13:06:45.454, 343.79, 83.71, 345.53, 73.67
2025-09-22T13:06:45.472, 342.90, 81.62, 342.82, 72.25
2025-09-22T13:06:45.488, 341.70, 80.11, 340.24, 70.95
2025-09-22T13:06:45.505, 340.49, 78.59, 337.62, 69.69
2025-09-22T13:06:45.521, 338.89, 76.99, 334.98, 68.47
2025-09-22T13:06:45.538, 336.92, 75.33, 332.33, 67.30
2025-09-22T13:06:45.555, 334.13, 73.91, 329.67, 66.18
2025-09-22T13:06:45.572, 331.40, 72.54, 326.97, 65.10
2025-09-22T13:06:45.588, 328.66, 71.17, 324.28, 64.07
2025-09-22T13:06:45.607, 326.36, 69.86, 321.55, 63.08
2025-09-22T13:06:45.622, 324.05, 68.89, 318.80, 62.13
2025-09-22T13:06:45.638, 321.31, 67.52, 316.06, 61.23
2025-09-22T13:06:45.655, 318.58, 66.15, 313.28, 60.38
2025-09-22T13:06:45.672, 315.36, 64.73, 310.51, 59.58
2025-09-22T13:06:45.688, 312.63, 63.70, 307.71, 58.82
2025-09-22T13:06:45.705, 309.89, 62.33, 304.91, 58.10
2025-09-22T13:06:45.722, 308.01, 61.39, 302.06, 57.43
2025-09-22T13:06:45.738, 306.13, 60.75, 299.28, 56.82
2025-09-22T13:06:45.754, 302.43, 60.01, 296.55, 56.27
2025-09-22T13:06:45.772, 297.61, 59.59, 293.52, 55.71
2025-09-22T13:06:45.788, 290.36, 59.13, 290.68, 55.24
2025-09-22T13:06:45.805, 284.89, 58.31, 287.82, 54.81
2025-09-22T13:06:45.821, 279.53, 57.06, 284.96, 54.43
2025-09-22T13:06:45.838, 275.30, 56.29, 282.08, 54.10
2025-09-22T13:06:45.855, 272.08, 55.23, 279.19, 53.81
2025-09-22T13:06:45.872, 269.77, 54.89, 276.31, 53.58
2025-09-22T13:06:45.888, 267.89, 54.89, 273.41, 53.39
2025-09-22T13:06:45.905, 264.68, 54.89, 270.51, 53.24
2025-09-22T13:06:45.921, 260.45, 54.89, 267.63, 53.15
2025-09-22T13:06:45.938, 255.09, 54.89, 264.70, 53.11
2025-09-22T13:06:45.955, 250.74, 54.89, 261.82, 53.11
2025-09-22T13:06:45.972, 245.75, 55.34, 258.91, 53.16
2025-09-22T13:06:45.988, 241.52, 55.34, 256.01, 53.26
2025-09-22T13:06:46.005, 236.46, 55.34, 253.13, 53.41
2025-09-22T13:06:46.021, 234.15, 55.34, 250.23, 53.61
2025-09-22T13:06:46.039, 231.84, 55.34, 247.36, 53.85
2025-09-22T13:06:46.053, 230.90, 55.34, 244.62, 54.13
2025-09-22T13:06:46.071, 228.81, 55.34, 241.58, 54.49
2025-09-22T13:06:46.087, 227.29, 55.34, 238.88, 54.85
2025-09-22T13:06:46.105, 226.14, 55.34, 235.83, 55.32
2025-09-22T13:06:46.122, 225.00, 55.63, 232.99, 55.80
2025-09-22T13:06:46.138, 223.85, 55.91, 230.15, 56.33
2025-09-22T13:06:46.155, 221.96, 56.22, 227.30, 56.91
2025-09-22T13:06:46.172, 220.08, 56.85, 224.47, 57.54
2025-09-22T13:06:46.188, 217.77, 57.50, 221.66, 58.21
2025-09-22T13:06:46.205, 215.89, 58.13, 218.85, 58.93
2025-09-22T13:06:46.221, 214.38, 58.72, 216.05, 59.70
2025-09-22T13:06:46.238, 212.86, 59.32, 213.28, 60.51
2025-09-22T13:06:46.255, 211.34, 59.92, 210.51, 61.37
2025-09-22T13:06:46.271, 209.83, 60.83, 207.75, 62.28
2025-09-22T13:06:46.288, 207.41, 62.56, 205.00, 63.24
2025-09-22T13:06:46.305, 205.44, 64.21, 202.31, 64.22
2025-09-22T13:06:46.321, 203.05, 65.91, 199.58, 65.27
2025-09-22T13:06:46.338, 200.63, 67.64, 196.91, 66.36
2025-09-22T13:06:46.355, 198.66, 69.29, 194.23, 67.49
2025-09-22T13:06:46.372, 196.23, 71.02, 191.58, 68.67
2025-09-22T13:06:46.388, 193.81, 72.75, 188.95, 69.89
2025-09-22T13:06:46.405, 190.96, 74.53, 186.35, 71.15
2025-09-22T13:06:46.422, 188.57, 76.23, 183.76, 72.46
2025-09-22T13:06:46.438, 186.26, 77.54, 181.20, 73.81
2025-09-22T13:06:46.454, 184.75, 78.45, 178.79, 75.13
2025-09-22T13:06:46.472, 182.86, 79.70, 176.13, 76.64
2025-09-22T13:06:46.488, 180.55, 81.00, 173.65, 78.11
2025-09-22T13:06:46.505, 178.13, 82.42, 171.18, 79.63
2025-09-22T13:06:46.522, 175.71, 83.84, 168.73, 81.20
2025-09-22T13:06:46.538, 173.40, 85.14, 166.31, 82.80
2025-09-22T13:06:46.554, 171.52, 86.39, 164.07, 84.33
2025-09-22T13:06:46.572, 167.98, 89.55, 161.56, 86.12
2025-09-22T13:06:46.588, 165.02, 91.76, 159.22, 87.84
2025-09-22T13:06:46.605, 162.60, 93.49, 156.93, 89.59
2025-09-22T13:06:46.622, 160.29, 94.79, 154.66, 91.38
2025-09-22T13:06:46.638, 158.78, 95.68, 152.41, 93.21
2025-09-22T13:06:46.654, 157.26, 96.56, 150.32, 94.97
2025-09-22T13:06:46.671, 155.29, 98.21, 148.12, 96.89
2025-09-22T13:06:46.688, 152.87, 99.94, 145.86, 98.93
2025-09-22T13:06:46.705, 150.02, 101.72, 143.74, 100.91
2025-09-22T13:06:46.721, 147.18, 103.51, 141.65, 102.93
2025-09-22T13:06:46.738, 145.29, 104.45, 139.61, 104.97
2025-09-22T13:06:46.755, 144.14, 105.02, 137.59, 107.06
2025-09-22T13:06:46.772, 143.31, 105.56, 135.60, 109.18
2025-09-22T13:06:46.788, 142.47, 106.10, 133.66, 111.32
2025-09-22T13:06:46.805, 140.96, 106.70, 131.75, 113.50