timestamp, mouseX, mouseY, flowerX, flowerY
2025-09-22T13:29:00.920, 134.09, 102.75, 137.21, 110.31
2025-09-22T13:29:00.936, 134.09, 102.75, 146.20, 101.17
2025-09-22T13:29:00.953, 134.09, 102.75, 155.37, 93.09
2025-09-22T13:29:00.970, 134.09, 102.75, 165.15, 85.62
2025-09-22T13:29:00.986, 134.09, 102.75, 175.35, 78.89
2025-09-22T13:29:01.004, 135.81, 101.72, 186.13, 72.82
2025-09-22T13:29:01.021, 143.18, 96.26, 197.18, 67.58
2025-09-22T13:29:01.037, 148.72, 92.09, 208.57, 63.11
2025-09-22T13:29:01.054, 155.25, 86.46, 220.30, 59.44
2025-09-22T13:29:01.071, 160.97, 82.52, 232.20, 56.60
2025-09-22T13:29:01.087, 165.50, 78.81, 244.33, 54.59
2025-09-22T13:29:01.104, 169.07, 75.23, 256.58, 53.43
2025-09-22T13:29:01.120, 177.32, 68.90, 268.87, 53.13
2025-09-22T13:29:01.137, 187.78, 61.19, 281.16, 53.69
2025-09-22T13:29:01.154, 197.46, 54.78, 293.38, 55.11
2025-09-22T13:29:01.170, 211.73, 47.67, 305.33, 57.35
2025-09-22T13:29:01.187, 225.95, 41.15, 317.30, 60.47
2025-09-22T13:29:01.204, 238.95, 36.04, 328.89, 64.37
2025-09-22T13:29:01.221, 257.70, 30.25, 340.24, 69.10
2025-09-22T13:29:01.238, 275.07, 26.53, 351.18, 74.58
2025-09-22T13:29:01.254, 288.83, 25.91, 361.76, 80.84
2025-09-22T13:29:01.270, 305.21, 25.91, 371.89, 87.82
2025-09-22T13:29:01.287, 323.84, 25.91, 381.50, 95.50
2025-09-22T13:29:01.303, 332.45, 28.90, 390.50, 103.78
2025-09-22T13:29:01.321, 339.91, 32.66, 398.95, 112.72
2025-09-22T13:29:01.337, 347.66, 37.46, 406.75, 122.22
2025-09-22T13:29:01.354, 361.61, 47.16, 413.88, 132.25
2025-09-22T13:29:01.370, 377.82, 58.82, 420.24, 142.69
2025-09-22T13:29:01.387, 391.04, 70.13, 425.90, 153.61
2025-09-22T13:29:01.403, 403.16, 81.66, 430.75, 164.83
2025-09-22T13:29:01.419, 407.68, 87.30, 434.71, 176.02
2025-09-22T13:29:01.437, 420.47, 109.57, 438.10, 188.30
2025-09-22T13:29:01.453, 426.08, 127.00, 440.52, 200.28
2025-09-22T13:29:01.470, 435.04, 153.90, 442.10, 212.48
2025-09-22T13:29:01.487, 443.54, 184.13, 442.83, 224.76
2025-09-22T13:29:01.504, 451.42, 215.69, 442.70, 236.99
2025-09-22T13:29:01.520, 455.14, 243.33, 441.71, 249.25
2025-09-22T13:29:01.536, 456.54, 255.30, 439.88, 261.34
2025-09-22T13:29:01.554, 459.16, 284.34, 437.20, 273.34
2025-09-22T13:29:01.570, 460.45, 303.84, 433.68, 285.13
2025-09-22T13:29:01.587, 460.45, 318.31, 429.35, 296.64
2025-09-22T13:29:01.604, 460.45, 327.72, 424.26, 307.76
2025-09-22T13:29:01.619, 457.14, 335.18, 418.67, 318.05
2025-09-22T13:29:01.637, 450.72, 342.61, 411.78, 328.86
2025-09-22T13:29:01.654, 443.28, 349.03, 404.40, 338.79
2025-09-22T13:29:01.670, 435.14, 355.13, 396.44, 348.07
2025-09-22T13:29:01.687, 427.70, 361.06, 387.80, 356.83
2025-09-22T13:29:01.703, 420.68, 365.73, 378.63, 364.91
2025-09-22T13:29:01.721, 410.51, 369.79, 368.86, 372.38
2025-09-22T13:29:01.737, 392.10, 373.62, 358.58, 379.15
2025-09-22T13:29:01.754, 370.45, 375.64, 347.93, 385.15
2025-09-22T13:29:01.770, 353.95, 376.85, 336.82, 390.42
2025-09-22T13:29:01.787, 343.55, 377.41, 325.43, 394.89
2025-09-22T13:29:01.804, 323.18, 379.05, 313.70, 398.56
2025-09-22T13:29:01.820, 315.22, 380.43, 301.73, 401.41
2025-09-22T13:29:01.837, 306.57, 382.35, 289.67, 403.41
2025-09-22T13:29:01.853, 297.15, 384.33, 277.35, 404.57
2025-09-22T13:29:01.870, 285.35, 385.93, 265.20, 404.87
2025-09-22T13:29:01.887, 272.67, 387.59, 252.84, 404.31
2025-09-22T13:29:01.904, 261.68, 389.68, 240.69, 402.90
2025-09-22T13:29:01.920, 251.51, 392.22, 228.60, 400.63
2025-09-22T13:29:01.937, 242.10, 393.69, 216.77, 397.55
2025-09-22T13:29:01.954, 231.11, 395.27, 205.11, 393.63
2025-09-22T13:29:01.970, 216.66, 395.94, 193.76, 388.90
2025-09-22T13:29:01.987, 203.11, 395.94, 182.82, 383.42
2025-09-22T13:29:02.004, 188.64, 395.94, 172.17, 377.12
2025-09-22T13:29:02.020, 176.97, 395.94, 162.11, 370.18
2025-09-22T13:29:02.037, 170.80, 395.09, 152.50, 362.50
2025-09-22T13:29:02.054, 158.68, 390.65, 143.50, 354.22
2025-09-22T13:29:02.070, 145.40, 377.73, 135.05, 345.28
2025-09-22T13:29:02.087, 133.33, 360.22, 127.29, 335.84
2025-09-22T13:29:02.103, 123.93, 345.07, 120.12, 325.75
2025-09-22T13:29:02.120, 114.59, 329.54, 113.76, 315.31
2025-09-22T13:29:02.137, 108.52, 317.96, 108.13, 304.45
2025-09-22T13:29:02.154, 102.88, 304.89, 103.22, 293.10
2025-09-22T13:29:02.170, 99.94, 289.43, 99.16, 281.56
2025-09-22T13:29:02.187, 97.29, 268.88, 95.92, 269.78
2025-09-22T13:29:02.204, 96.61, 252.15, 93.48, 257.72
2025-09-22T13:29:02.220, 96.01, 240.82, 91.90, 245.52
2025-09-22T13:29:02.237, 95.53, 231.41, 91.17, 233.24
2025-09-22T13:29:02.253, 95.10, 225.45, 91.30, 221.01
2025-09-22T13:29:02.270, 95.10, 220.63, 92.29, 208.75
2025-09-22T13:29:02.287, 95.10, 211.21, 94.12, 196.66
2025-09-22T13:29:02.304, 95.10, 200.11, 96.80, 184.66
2025-09-22T13:29:02.319, 95.10, 186.57, 100.13, 173.43
2025-09-22T13:29:02.336, 98.37, 173.89, 104.65, 161.36
2025-09-22T13:29:02.354, 105.34, 157.25, 109.74, 150.24
2025-09-22T13:29:02.370, 114.47, 143.18, 115.63, 139.44
2025-09-22T13:29:02.387, 125.88, 128.57, 122.26, 129.08
2025-09-22T13:29:02.403, 136.12, 115.96, 129.55, 119.27
2025-09-22T13:29:02.420, 148.18, 101.35, 137.56, 109.93
2025-09-22T13:29:02.437, 158.84, 89.50, 146.20, 101.17
2025-09-22T13:29:02.453, 167.41, 80.91, 155.43, 93.04
2025-09-22T13:29:02.470, 175.07, 73.25, 165.14, 85.62
2025-09-22T13:29:02.487, 187.19, 61.71, 175.42, 78.85
2025-09-22T13:29:02.503, 200.55, 51.42, 186.07, 72.85
2025-09-22T13:29:02.519, 208.33, 45.58, 196.71, 67.78
2025-09-22T13:29:02.537, 225.27, 36.80, 208.56, 63.11
2025-09-22T13:29:02.553, 236.55, 32.45, 220.30, 59.44
2025-09-22T13:29:02.570, 245.20, 30.52, 232.27, 56.59
2025-09-22T13:29:02.587, 253.85, 30.03, 244.40, 54.58
2025-09-22T13:29:02.603, 263.26, 30.03, 256.58, 53.43
2025-09-22T13:29:02.620, 277.41, 35.58, 268.87, 53.13
2025-09-22T13:29:02.637, 291.96, 44.09, 281.16, 53.69
2025-09-22T13:29:02.653, 303.80, 53.63, 293.31, 55.10
2025-09-22T13:29:02.670, 317.45, 64.79, 305.40, 57.37
2025-09-22T13:29:02.687, 329.02, 74.63, 317.23, 60.45
2025-09-22T13:29:02.703, 340.30, 83.65, 328.89, 64.37
2025-09-22T13:29:02.720, 354.98, 95.16, 340.24, 69.10
2025-09-22T13:29:02.737, 367.42, 105.22, 351.24, 74.61
2025-09-22T13:29:02.753, 377.61, 113.69, 361.76, 80.84
2025-09-22T13:29:02.770, 388.33, 122.71, 371.89, 87.82
2025-09-22T13:29:02.786, 393.17, 127.07, 381.05, 95.12
2025-09-22T13:29:02.804, 397.84, 131.31, 390.55, 103.83
2025-09-22T13:29:02.820, 402.08, 135.98, 398.90, 112.66
2025-09-22T13:29:02.837, 405.36, 140.51, 406.75, 122.22
2025-09-22T13:29:02.853, 408.87, 146.23, 413.83, 132.19
2025-09-22T13:29:02.870, 412.60, 154.17, 420.24, 142.69
2025-09-22T13:29:02.887, 416.55, 163.58, 425.90, 153.61
2025-09-22T13:29:02.904, 420.85, 175.50, 430.75, 164.83
2025-09-22T13:29:02.920, 423.98, 186.59, 434.84, 176.44
2025-09-22T13:29:02.937, 425.84, 194.54, 438.10, 188.30
2025-09-22T13:29:02.954, 427.25, 202.48, 440.52, 200.28
2025-09-22T13:29:02.970, 428.75, 211.89, 442.10, 212.48
2025-09-22T13:29:02.987, 429.74, 221.30, 442.82, 224.69
2025-09-22T13:29:03.003, 430.25, 231.46, 442.70, 236.99
2025-09-22T13:29:03.021, 430.25, 241.63, 441.77, 248.74
2025-09-22T13:29:03.037, 430.25, 252.61, 439.86, 261.41
2025-09-22T13:29:03.054, 430.25, 263.59, 437.20, 273.34
2025-09-22T13:29:03.071, 429.23, 274.57, 433.68, 285.13
2025-09-22T13:29:03.087, 426.60, 285.55, 429.35, 296.64
2025-09-22T13:29:03.104, 422.84, 297.34, 424.26, 307.76
2025-09-22T13:29:03.120, 416.77, 308.91, 418.37, 318.56
2025-09-22T13:29:03.137, 410.13, 319.92, 411.74, 328.92
2025-09-22T13:29:03.154, 403.13, 330.13, 404.45, 338.73
2025-09-22T13:29:03.170, 395.61, 339.78, 396.44, 348.07
2025-09-22T13:29:03.187, 387.53, 348.93, 387.80, 356.83
2025-09-22T13:29:03.204, 377.93, 359.08, 378.63, 364.91
2025-09-22T13:29:03.220, 365.61, 369.79, 368.86, 372.38
2025-09-22T13:29:03.237, 353.45, 379.04, 358.65, 379.11
2025-09-22T13:29:03.254, 341.29, 387.13, 347.93, 385.15
2025-09-22T13:29:03.270, 323.80, 395.44, 336.82, 390.42
2025-09-22T13:29:03.287, 306.37, 400.99, 325.43, 394.89
2025-09-22T13:29:03.304, 285.82, 404.29, 313.70, 398.56
2025-09-22T13:29:03.320, 269.09, 406.17, 301.73, 401.41
2025-09-22T13:29:03.337, 255.74, 406.82, 289.60, 403.42
2025-09-22T13:29:03.353, 244.64, 406.82, 277.42, 404.57
2025-09-22T13:29:03.370, 238.63, 406.82, 265.13, 404.87
2025-09-22T13:29:03.387, 229.98, 405.85, 252.91, 404.31
2025-09-22T13:29:03.404, 220.48, 402.09, 240.69, 402.90
2025-09-22T13:29:03.421, 212.42, 398.78, 228.60, 400.63
2025-09-22T13:29:03.437, 205.46, 395.44, 216.77, 397.55
2025-09-22T13:29:03.454, 197.61, 391.32, 205.11, 393.63
2025-09-22T13:29:03.470, 193.41, 387.13, 193.76, 388.90
2025-09-22T13:29:03.487, 189.44, 381.40, 182.82, 383.42
2025-09-22T13:29:03.504, 182.63, 372.50, 172.24, 377.16
2025-09-22T13:29:03.520, 175.11, 362.85, 162.11, 370.18
2025-09-22T13:29:03.537, 170.15, 357.49, 152.56, 362.55
2025-09-22T13:29:03.553, 165.48, 352.82, 143.50, 354.22
2025-09-22T13:29:03.570, 160.46, 346.90, 135.20, 345.45
2025-09-22T13:29:03.587, 155.45, 341.41, 127.29, 335.84
2025-09-22T13:29:03.604, 147.18, 331.50, 120.17, 325.81
2025-09-22T13:29:03.620, 138.96, 322.20, 113.76, 315.31
2025-09-22T13:29:03.637, 130.88, 313.05, 108.10, 304.39
2025-09-22T13:29:03.653, 123.76, 304.86, 103.27, 293.23
2025-09-22T13:29:03.670, 118.16, 296.21, 99.16, 281.56
2025-09-22T13:29:03.687, 110.23, 281.65, 95.90, 269.70
2025-09-22T13:29:03.704, 103.23, 263.89, 93.48, 257.72
2025-09-22T13:29:03.721, 96.61, 243.34, 91.90, 245.52
2025-09-22T13:29:03.737, 93.22, 230.55, 91.18, 233.31
2025-09-22T13:29:03.754, 89.55, 215.59, 91.30, 221.01
2025-09-22T13:29:03.770, 88.50, 204.60, 92.29, 208.75
2025-09-22T13:29:03.787, 88.50, 194.43, 94.14, 196.59
2025-09-22T13:29:03.804, 88.50, 185.77, 96.80, 184.66
2025-09-22T13:29:03.820, 88.50, 176.36, 100.32, 172.87
2025-09-22T13:29:03.837, 88.50, 170.89, 104.65, 161.36
2025-09-22T13:29:03.854, 89.34, 164.93, 109.74, 150.24
2025-09-22T13:29:03.870, 90.50, 160.70, 115.63, 139.44
2025-09-22T13:29:03.887, 91.55, 157.91, 122.22, 129.14
2025-09-22T13:29:03.904, 92.80, 156.03, 129.60, 119.21