timestamp, mouseX, mouseY, flowerX, flowerY
2025-09-22T13:27:29.974, 139.13, 110.24, 133.75, 111.19
2025-09-22T13:27:29.991, 139.13, 110.24, 137.98, 106.58
2025-09-22T13:27:30.007, 139.13, 110.24, 142.34, 102.14
2025-09-22T13:27:30.024, 139.13, 110.24, 146.82, 97.89
2025-09-22T13:27:30.041, 139.13, 110.24, 151.48, 93.76
2025-09-22T13:27:30.057, 139.13, 110.24, 156.28, 89.81
2025-09-22T13:27:30.076, 139.25, 109.77, 161.19, 86.04
2025-09-22T13:27:30.092, 144.68, 104.28, 166.22, 82.45
2025-09-22T13:27:30.108, 149.51, 99.44, 171.41, 79.02
2025-09-22T13:27:30.125, 153.11, 95.83, 176.71, 75.77
2025-09-22T13:27:30.141, 157.50, 91.44, 182.12, 72.70
2025-09-22T13:27:30.158, 162.47, 85.55, 187.61, 69.85
2025-09-22T13:27:30.175, 168.72, 79.29, 193.22, 67.17
2025-09-22T13:27:30.191, 179.38, 67.95, 198.89, 64.70
2025-09-22T13:27:30.208, 193.03, 56.78, 204.68, 62.42
2025-09-22T13:27:30.225, 204.87, 47.24, 210.54, 60.34
2025-09-22T13:27:30.241, 220.74, 37.09, 216.44, 58.48
2025-09-22T13:27:30.258, 234.05, 30.71, 222.47, 56.81
2025-09-22T13:27:30.275, 244.21, 27.14, 228.48, 55.36
2025-09-22T13:27:30.291, 252.16, 26.66, 234.54, 54.13
2025-09-22T13:27:30.308, 257.14, 26.66, 240.71, 53.10
2025-09-22T13:27:30.325, 261.90, 26.66, 246.84, 52.29
2025-09-22T13:27:30.341, 264.29, 28.36, 253.03, 51.69
2025-09-22T13:27:30.358, 265.80, 29.56, 259.21, 51.31
2025-09-22T13:27:30.375, 266.65, 30.41, 265.42, 51.15
2025-09-22T13:27:30.391, 267.51, 31.55, 271.61, 51.20
2025-09-22T13:27:30.408, 269.92, 33.29, 277.82, 51.47
2025-09-22T13:27:30.425, 276.32, 37.28, 284.02, 51.96
2025-09-22T13:27:30.441, 282.66, 40.89, 290.20, 52.66
2025-09-22T13:27:30.458, 290.13, 45.11, 296.32, 53.58
2025-09-22T13:27:30.474, 298.07, 48.84, 302.44, 54.71
2025-09-22T13:27:30.491, 305.31, 52.45, 308.51, 56.06
2025-09-22T13:27:30.508, 312.10, 56.52, 314.50, 57.60
2025-09-22T13:27:30.525, 318.89, 60.59, 320.46, 59.37
2025-09-22T13:27:30.541, 326.36, 64.80, 326.29, 61.32
2025-09-22T13:27:30.558, 335.00, 68.65, 332.19, 63.52
2025-09-22T13:27:30.574, 343.65, 72.49, 337.90, 65.89
2025-09-22T13:27:30.591, 351.85, 76.84, 343.56, 68.46
2025-09-22T13:27:30.608, 359.34, 81.02, 348.96, 71.15
2025-09-22T13:27:30.624, 365.76, 85.18, 354.56, 74.19
2025-09-22T13:27:30.641, 371.02, 90.02, 359.92, 77.35
2025-09-22T13:27:30.658, 376.00, 95.90, 365.17, 80.69
2025-09-22T13:27:30.675, 379.36, 100.91, 370.26, 84.19
2025-09-22T13:27:30.691, 382.34, 106.43, 375.26, 87.89
2025-09-22T13:27:30.708, 384.23, 110.65, 380.10, 91.74
2025-09-22T13:27:30.724, 385.34, 114.34, 384.83, 95.78
2025-09-22T13:27:30.741, 386.58, 119.69, 389.39, 99.95
2025-09-22T13:27:30.758, 387.40, 125.04, 393.86, 104.34
2025-09-22T13:27:30.774, 388.67, 130.99, 398.11, 108.82
2025-09-22T13:27:30.791, 389.94, 136.93, 402.24, 113.48
2025-09-22T13:27:30.808, 391.63, 142.88, 406.17, 118.25
2025-09-22T13:27:30.824, 393.22, 147.70, 409.96, 123.19
2025-09-22T13:27:30.841, 394.86, 153.38, 413.57, 128.25
2025-09-22T13:27:30.858, 395.99, 157.61, 416.98, 133.41
2025-09-22T13:27:30.875, 397.01, 160.33, 420.23, 138.71
2025-09-22T13:27:30.891, 397.61, 161.84, 423.30, 144.12
2025-09-22T13:27:30.908, 398.21, 163.35, 426.17, 149.64
2025-09-22T13:27:30.925, 399.35, 164.49, 428.83, 155.22
2025-09-22T13:27:30.941, 400.60, 166.05, 431.31, 160.93
2025-09-22T13:27:30.958, 402.86, 169.40, 433.58, 166.68
2025-09-22T13:27:30.975, 406.04, 173.42, 435.66, 172.54
2025-09-22T13:27:30.991, 415.02, 184.92, 437.52, 178.44
2025-09-22T13:27:31.008, 420.17, 190.97, 439.18, 184.43
2025-09-22T13:27:31.025, 425.48, 198.20, 440.64, 190.48
2025-09-22T13:27:31.041, 428.88, 203.30, 441.88, 196.58
2025-09-22T13:27:31.058, 431.48, 208.84, 442.90, 202.68
2025-09-22T13:27:31.075, 432.30, 214.20, 443.71, 208.84
2025-09-22T13:27:31.091, 432.75, 221.44, 444.31, 215.03
2025-09-22T13:27:31.108, 433.14, 228.14, 444.69, 221.24
2025-09-22T13:27:31.125, 433.14, 236.84, 444.85, 227.42
2025-09-22T13:27:31.141, 433.14, 242.31, 444.80, 233.61
2025-09-22T13:27:31.158, 433.68, 251.18, 444.52, 239.86
2025-09-22T13:27:31.175, 433.68, 256.64, 444.04, 246.02
2025-09-22T13:27:31.190, 433.68, 264.70, 443.38, 251.83
2025-09-22T13:27:31.208, 433.68, 269.52, 442.42, 258.32
2025-09-22T13:27:31.225, 433.68, 274.87, 441.29, 264.44
2025-09-22T13:27:31.241, 433.68, 278.55, 439.94, 270.51
2025-09-22T13:27:31.258, 433.30, 282.24, 438.39, 276.53
2025-09-22T13:27:31.274, 432.59, 285.45, 436.63, 282.46
2025-09-22T13:27:31.291, 431.85, 289.14, 434.66, 288.36
2025-09-22T13:27:31.308, 431.48, 292.34, 432.49, 294.15
2025-09-22T13:27:31.325, 430.76, 295.55, 430.11, 299.90
2025-09-22T13:27:31.341, 429.73, 298.28, 427.55, 305.53
2025-09-22T13:27:31.358, 428.71, 301.00, 424.76, 311.13
2025-09-22T13:27:31.375, 427.71, 303.30, 421.81, 316.56
2025-09-22T13:27:31.391, 426.34, 306.03, 418.65, 321.92
2025-09-22T13:27:31.408, 425.31, 308.76, 415.33, 327.14
2025-09-22T13:27:31.425, 423.32, 313.52, 411.81, 332.26
2025-09-22T13:27:31.441, 420.94, 318.27, 408.11, 337.26
2025-09-22T13:27:31.458, 417.32, 324.61, 404.26, 342.10
2025-09-22T13:27:31.475, 413.94, 329.25, 400.22, 346.83
2025-09-22T13:27:31.492, 409.78, 335.30, 396.05, 351.39
2025-09-22T13:27:31.508, 404.60, 342.00, 391.69, 355.83
2025-09-22T13:27:31.525, 397.63, 349.81, 387.18, 360.11
2025-09-22T13:27:31.541, 392.19, 355.24, 382.52, 364.24
2025-09-22T13:27:31.558, 386.11, 360.84, 377.72, 368.19
2025-09-22T13:27:31.575, 379.76, 365.36, 372.81, 371.96
2025-09-22T13:27:31.591, 374.74, 368.36, 367.75, 375.57
2025-09-22T13:27:31.608, 369.81, 371.25, 362.56, 379.00
2025-09-22T13:27:31.625, 365.78, 374.05, 357.29, 382.23
2025-09-22T13:27:31.640, 363.93, 375.16, 352.17, 385.14
2025-09-22T13:27:31.658, 358.75, 378.47, 346.36, 388.17
2025-09-22T13:27:31.675, 355.79, 380.68, 340.78, 390.83
2025-09-22T13:27:31.690, 353.06, 382.04, 335.42, 393.17
2025-09-22T13:27:31.707, 351.69, 382.72, 329.63, 395.46
2025-09-22T13:27:31.724, 347.00, 384.90, 323.46, 397.66
2025-09-22T13:27:31.740, 341.64, 386.54, 317.88, 399.42
2025-09-22T13:27:31.758, 335.69, 389.09, 311.53, 401.19
2025-09-22T13:27:31.775, 327.73, 391.86, 305.52, 402.64
2025-09-22T13:27:31.791, 317.56, 395.41, 299.46, 403.87
2025-09-22T13:27:31.807, 307.39, 398.97, 293.66, 404.85
2025-09-22T13:27:31.824, 291.76, 403.70, 287.16, 405.71
2025-09-22T13:27:31.841, 279.73, 405.96, 280.97, 406.31
2025-09-22T13:27:31.857, 263.34, 408.38, 275.13, 406.67
2025-09-22T13:27:31.874, 247.93, 409.56, 268.54, 406.85
2025-09-22T13:27:31.891, 234.39, 410.12, 262.32, 406.79
2025-09-22T13:27:31.907, 228.21, 410.12, 256.48, 406.54
2025-09-22T13:27:31.924, 223.39, 410.12, 250.31, 406.07
2025-09-22T13:27:31.941, 220.17, 410.12, 243.80, 405.34
2025-09-22T13:27:31.958, 216.96, 410.12, 237.68, 404.42
2025-09-22T13:27:31.975, 212.19, 408.53, 231.56, 403.29
2025-09-22T13:27:31.990, 207.65, 406.03, 225.85, 402.03
2025-09-22T13:27:32.008, 202.83, 404.01, 219.47, 400.39
2025-09-22T13:27:32.025, 199.61, 402.59, 213.54, 398.63
2025-09-22T13:27:32.041, 197.67, 401.33, 207.64, 396.66
2025-09-22T13:27:32.058, 195.58, 400.12, 201.85, 394.49
2025-09-22T13:27:32.075, 192.73, 397.96, 196.10, 392.11
2025-09-22T13:27:32.091, 188.06, 393.71, 190.47, 389.55
2025-09-22T13:27:32.108, 184.03, 390.47, 184.87, 386.76
2025-09-22T13:27:32.124, 178.48, 385.80, 179.44, 383.81
2025-09-22T13:27:32.141, 174.11, 383.02, 174.08, 380.65
2025-09-22T13:27:32.158, 170.27, 380.32, 168.83, 377.31
2025-09-22T13:27:32.174, 164.71, 377.32, 163.74, 373.81
2025-09-22T13:27:32.191, 159.55, 373.46, 158.74, 370.11
2025-09-22T13:27:32.208, 154.12, 367.97, 153.90, 366.26
2025-09-22T13:27:32.225, 146.68, 361.04, 149.17, 362.22
2025-09-22T13:27:32.241, 139.95, 354.30, 144.58, 358.02
2025-09-22T13:27:32.256, 136.58, 350.94, 140.40, 353.93
2025-09-22T13:27:32.275, 126.48, 341.80, 135.86, 349.15
2025-09-22T13:27:32.290, 123.11, 338.91, 132.01, 344.80
2025-09-22T13:27:32.307, 114.73, 327.60, 128.04, 340.01
2025-09-22T13:27:32.325, 110.88, 319.42, 124.04, 334.81
2025-09-22T13:27:32.340, 107.60, 311.47, 120.62, 330.02
2025-09-22T13:27:32.358, 105.66, 307.24, 117.00, 324.56
2025-09-22T13:27:32.375, 103.73, 303.01, 113.77, 319.29
2025-09-22T13:27:32.391, 100.81, 297.99, 110.70, 313.88
2025-09-22T13:27:32.408, 99.36, 294.77, 107.85, 308.39
2025-09-22T13:27:32.424, 98.24, 291.08, 105.17, 302.78
2025-09-22T13:27:32.440, 96.99, 285.72, 102.83, 297.42
2025-09-22T13:27:32.458, 96.65, 282.50, 100.41, 291.29
2025-09-22T13:27:32.475, 95.96, 279.71, 98.34, 285.46
2025-09-22T13:27:32.491, 95.59, 276.50, 96.47, 279.52
2025-09-22T13:27:32.509, 95.16, 271.14, 94.81, 273.53
2025-09-22T13:27:32.526, 95.16, 267.45, 93.36, 267.52
2025-09-22T13:27:32.541, 95.16, 259.16, 92.12, 261.42
2025-09-22T13:27:32.558, 95.16, 254.93, 91.10, 255.32
2025-09-22T13:27:32.575, 95.16, 250.11, 90.29, 249.16
2025-09-22T13:27:32.591, 95.16, 246.89, 89.69, 242.97
2025-09-22T13:27:32.608, 95.16, 235.20, 89.31, 236.79
2025-09-22T13:27:32.624, 95.16, 227.25, 89.15, 230.58
2025-09-22T13:27:32.640, 95.16, 222.16, 89.19, 224.73
2025-09-22T13:27:32.658, 95.16, 206.09, 89.47, 218.18
2025-09-22T13:27:32.675, 95.16, 196.68, 89.96, 211.94
2025-09-22T13:27:32.691, 95.16, 190.50, 90.66, 205.80
2025-09-22T13:27:32.708, 95.16, 180.97, 91.58, 199.68
2025-09-22T13:27:32.725, 95.16, 174.37, 92.72, 193.53
2025-09-22T13:27:32.741, 95.61, 167.77, 94.06, 187.49
2025-09-22T13:27:32.758, 96.57, 159.11, 95.61, 181.47
2025-09-22T13:27:32.774, 98.07, 149.70, 97.37, 175.54
2025-09-22T13:27:32.791, 99.54, 141.41, 99.33, 169.68
2025-09-22T13:27:32.807, 100.89, 137.79, 101.38, 164.16
2025-09-22T13:27:32.825, 102.84, 131.18, 103.89, 158.10
2025-09-22T13:27:32.841, 105.45, 125.62, 106.46, 152.44
2025-09-22T13:27:32.858, 106.95, 122.30, 109.22, 146.91
2025-09-22T13:27:32.874, 110.23, 117.76, 112.03, 141.73
2025-09-22T13:27:32.891, 113.52, 113.22, 115.33, 136.11
2025-09-22T13:27:32.908, 117.48, 107.50, 118.67, 130.86
2025-09-22T13:27:32.924, 121.55, 101.15, 122.00, 126.01
2025-09-22T13:27:32.941, 126.83, 93.94, 125.87, 120.77
2025-09-22T13:27:32.958, 131.98, 87.40, 129.72, 115.93
2025-09-22T13:27:32.975, 136.17, 83.57, 133.78, 111.17
2025-09-22T13:27:32.991, 140.41, 79.32, 137.98, 106.58
2025-09-22T13:27:33.008, 143.87, 76.62, 142.34, 102.14
2025-09-22T13:27:33.025, 146.71, 74.83, 146.82, 97.89
2025-09-22T13:27:33.041, 149.44, 73.80, 151.48, 93.76
2025-09-22T13:27:33.058, 152.16, 73.46, 156.25, 89.83
2025-09-22T13:27:33.075, 154.46, 73.46, 161.22, 86.02
2025-09-22T13:27:33.091, 156.77, 73.46, 166.25, 82.43
2025-09-22T13:27:33.108, 160.51, 73.46, 171.41, 79.02
2025-09-22T13:27:33.125, 165.27, 73.06, 176.71, 75.77
2025-09-22T13:27:33.141, 171.86, 71.73, 182.09, 72.72
2025-09-22T13:27:33.158, 182.72, 70.37, 187.61, 69.85
2025-09-22T13:27:33.174, 187.54, 70.37, 193.22, 67.17
2025-09-22T13:27:33.191, 193.48, 70.37, 198.93, 64.69
2025-09-22T13:27:33.208, 199.48, 70.37, 204.68, 62.42
2025-09-22T13:27:33.224, 204.84, 70.37, 210.54, 60.34
2025-09-22T13:27:33.241, 211.43, 70.37, 216.48, 58.47
2025-09-22T13:27:33.258, 219.38, 70.37, 222.43, 56.82
2025-09-22T13:27:33.274, 227.32, 70.37, 228.48, 55.36
2025-09-22T13:27:33.290, 235.27, 70.37, 234.25, 54.19
2025-09-22T13:27:33.308, 243.91, 70.37, 240.68, 53.10
2025-09-22T13:27:33.325, 253.32, 70.88, 246.88, 52.29
2025-09-22T13:27:33.342, 263.54, 71.89, 253.00, 51.70
2025-09-22T13:27:33.356, 268.63, 72.40, 258.87, 51.33
2025-09-22T13:27:33.375, 282.36, 73.87, 265.46, 51.15
2025-09-22T13:27:33.392, 287.82, 74.68, 271.68, 51.21
2025-09-22T13:27:33.408, 292.58, 75.87, 277.86, 51.48
2025-09-22T13:27:33.425, 297.34, 77.06, 284.06, 51.96
2025-09-22T13:27:33.441, 302.80, 78.78, 290.17, 52.66
2025-09-22T13:27:33.458, 308.15, 80.42, 296.36, 53.58
2025-09-22T13:27:33.474, 315.39, 83.13, 302.44, 54.71
2025-09-22T13:27:33.491, 321.56, 85.79, 308.51, 56.06
2025-09-22T13:27:33.508, 329.13, 89.29, 314.50, 57.60
2025-09-22T13:27:33.525, 334.48, 91.75, 320.46, 59.37
2025-09-22T13:27:33.542, 338.17, 93.60, 326.39, 61.35
2025-09-22T13:27:33.558, 340.47, 94.90, 332.15, 63.51
2025-09-22T13:27:33.575, 342.77, 96.21, 337.90, 65.89
2025-09-22T13:27:33.591, 345.16, 97.91, 343.56, 68.46
2025-09-22T13:27:33.608, 347.57, 99.64, 349.13, 71.24
2025-09-22T13:27:33.625, 349.54, 101.29, 354.56, 74.19
2025-09-22T13:27:33.641, 351.04, 102.48, 359.92, 77.35
2025-09-22T13:27:33.658, 352.18, 103.34, 365.14, 80.67
2025-09-22T13:27:33.675, 354.14, 104.99, 370.26, 84.19
2025-09-22T13:27:33.692, 358.57, 108.68, 375.26, 87.89
2025-09-22T13:27:33.708, 362.68, 112.38, 380.13, 91.76
2025-09-22T13:27:33.724, 366.25, 115.53, 384.83, 95.78
2025-09-22T13:27:33.740, 368.37, 117.65, 389.18, 99.75
2025-09-22T13:27:33.758, 374.88, 123.68, 393.86, 104.34
2025-09-22T13:27:33.775, 379.88, 129.16, 398.11, 108.82
2025-09-22T13:27:33.791, 384.86, 135.04, 402.24, 113.48
2025-09-22T13:27:33.808, 390.14, 142.25, 406.17, 118.25
2025-09-22T13:27:33.825, 395.46, 149.48, 409.98, 123.22
2025-09-22T13:27:33.841, 398.82, 154.13, 413.57, 128.25
2025-09-22T13:27:33.858, 402.22, 159.22, 416.98, 133.41
2025-09-22T13:27:33.875, 406.46, 165.67, 420.23, 138.71
2025-09-22T13:27:33.891, 410.08, 172.00, 423.30, 144.12
2025-09-22T13:27:33.908, 414.29, 179.47, 426.15, 149.61
2025-09-22T13:27:33.924, 419.23, 187.89, 428.83, 155.22
2025-09-22T13:27:33.941, 424.04, 195.57, 431.31, 160.93
2025-09-22T13:27:33.958, 426.52, 200.56, 433.59, 166.71
2025-09-22T13:27:33.974, 428.98, 205.91, 435.66, 172.54
2025-09-22T13:27:33.990, 430.57, 210.67, 437.42, 178.12
2025-09-22T13:27:34.007, 431.33, 214.89, 439.10, 184.11
2025-09-22T13:27:34.025, 432.04, 218.10, 440.64, 190.48
2025-09-22T13:27:34.041, 433.23, 222.43, 441.88, 196.58
2025-09-22T13:27:34.058, 434.02, 227.25, 442.90, 202.71
2025-09-22T13:27:34.075, 435.34, 233.42, 443.71, 208.84
2025-09-22T13:27:34.091, 436.16, 239.11, 444.31, 215.03
2025-09-22T13:27:34.108, 436.16, 243.33, 444.69, 221.21
2025-09-22T13:27:34.125, 436.16, 248.09, 444.85, 227.42
2025-09-22T13:27:34.140, 436.16, 252.31, 444.81, 233.27
2025-09-22T13:27:34.158, 436.16, 256.64, 444.52, 239.86
2025-09-22T13:27:34.175, 436.16, 262.64, 444.04, 246.02
2025-09-22T13:27:34.191, 435.74, 268.00, 443.34, 252.20
2025-09-22T13:27:34.208, 434.91, 273.35, 442.42, 258.36
2025-09-22T13:27:34.225, 433.21, 282.49, 441.29, 264.44
2025-09-22T13:27:34.240, 432.36, 285.46, 440.02, 270.18
2025-09-22T13:27:34.257, 431.08, 291.41, 438.48, 276.21
2025-09-22T13:27:34.275, 428.84, 301.62, 436.63, 282.46
2025-09-22T13:27:34.291, 427.62, 306.44, 434.66, 288.36
2025-09-22T13:27:34.308, 426.39, 311.79, 432.48, 294.19
2025-09-22T13:27:34.324, 424.27, 317.48, 430.11, 299.90
2025-09-22T13:27:34.340, 422.67, 322.23, 427.68, 305.26
2025-09-22T13:27:34.358, 420.77, 326.46, 424.76, 311.13
2025-09-22T13:27:34.375, 418.30, 331.81, 421.81, 316.56
2025-09-22T13:27:34.392, 416.76, 335.55, 418.63, 321.95
2025-09-22T13:27:34.407, 415.28, 339.24, 415.52, 326.86
2025-09-22T13:27:34.425, 412.98, 343.46, 411.81, 332.26
2025-09-22T13:27:34.440, 410.16, 347.85, 408.31, 337.00
2025-09-22T13:27:34.458, 407.66, 350.35, 404.24, 342.13
2025-09-22T13:27:34.475, 405.07, 353.30, 400.22, 346.83
2025-09-22T13:27:34.490, 402.48, 356.26, 396.25, 351.18
2025-09-22T13:27:34.508, 399.97, 358.76, 391.69, 355.83
2025-09-22T13:27:34.524, 395.66, 363.46, 387.18, 360.11
2025-09-22T13:27:34.541, 391.95, 367.56, 382.52, 364.24
2025-09-22T13:27:34.558, 388.34, 370.79, 377.72, 368.19
2025-09-22T13:27:34.575, 385.38, 373.74, 372.78, 371.98
2025-09-22T13:27:34.591, 382.42, 376.70, 367.78, 375.55
2025-09-22T13:27:34.608, 378.81, 379.92, 362.59, 378.98
2025-09-22T13:27:34.624, 375.21, 383.52, 357.58, 382.06
2025-09-22T13:27:34.641, 369.48, 387.90, 351.88, 385.30
2025-09-22T13:27:34.657, 361.34, 394.00, 346.69, 388.00
2025-09-22T13:27:34.675, 352.19, 399.08, 340.78, 390.83
2025-09-22T13:27:34.691, 343.53, 402.93, 335.07, 393.31
2025-09-22T13:27:34.708, 335.58, 406.18, 329.25, 395.61
2025-09-22T13:27:34.725, 326.16, 408.63, 323.46, 397.66
2025-09-22T13:27:34.740, 315.99, 411.17, 317.85, 399.43
2025-09-22T13:27:34.758, 305.00, 413.26, 311.53, 401.19
2025-09-22T13:27:34.775, 294.67, 414.58, 305.52, 402.64
2025-09-22T13:27:34.791, 286.61, 415.51, 299.42, 403.88
2025-09-22T13:27:34.808, 282.86, 415.51, 293.32, 404.90
2025-09-22T13:27:34.824, 277.16, 415.51, 287.16, 405.71
2025-09-22T13:27:34.841, 272.39, 415.51, 281.00, 406.30
2025-09-22T13:27:34.858, 268.16, 415.51, 274.76, 406.69
2025-09-22T13:27:34.874, 265.38, 415.51, 268.91, 406.85
2025-09-22T13:27:34.892, 261.63, 415.51, 262.36, 406.80
2025-09-22T13:27:34.908, 258.30, 414.40, 256.18, 406.53
2025-09-22T13:27:34.924, 253.54, 412.80, 250.09, 406.05
2025-09-22T13:27:34.940, 249.79, 412.06, 244.13, 405.38
2025-09-22T13:27:34.958, 244.96, 410.89, 237.68, 404.42
2025-09-22T13:27:34.975, 240.73, 410.13, 231.56, 403.29
2025-09-22T13:27:34.990, 236.39, 408.93, 225.82, 402.02
2025-09-22T13:27:35.007, 231.99, 406.86, 219.79, 400.48
2025-09-22T13:27:35.024, 221.25, 401.49, 213.54, 398.63
2025-09-22T13:27:35.041, 213.00, 397.19, 207.61, 396.65
2025-09-22T13:27:35.058, 205.69, 393.98, 201.81, 394.48
2025-09-22T13:27:35.075, 199.09, 391.77, 196.10, 392.11
2025-09-22T13:27:35.091, 195.34, 390.29, 190.44, 389.54
2025-09-22T13:27:35.108, 192.61, 389.27, 184.87, 386.76
2025-09-22T13:27:35.125, 188.91, 387.41, 179.44, 383.81
2025-09-22T13:27:35.141, 182.29, 382.15, 174.11, 380.67
2025-09-22T13:27:35.158, 175.67, 376.46, 168.83, 377.31
2025-09-22T13:27:35.175, 169.75, 371.87, 163.74, 373.81
2025-09-22T13:27:35.191, 164.45, 367.48, 158.74, 370.11
2025-09-22T13:27:35.208, 160.31, 363.79, 153.90, 366.26
2025-09-22T13:27:35.225, 154.03, 357.00, 149.17, 362.22
2025-09-22T13:27:35.241, 148.80, 346.94, 144.58, 358.02
2025-09-22T13:27:35.258, 145.20, 340.71, 140.17, 353.69
2025-09-22T13:27:35.275, 140.96, 333.58, 135.89, 349.18
2025-09-22T13:27:35.291, 138.04, 328.93, 131.79, 344.55
2025-09-22T13:27:35.308, 134.23, 323.61, 127.83, 339.75
2025-09-22T13:27:35.324, 131.64, 320.65, 124.02, 334.78
2025-09-22T13:27:35.340, 129.82, 317.48, 120.62, 330.02
2025-09-22T13:27:35.358, 120.39, 303.30, 117.00, 324.56
2025-09-22T13:27:35.374, 115.74, 297.24, 113.77, 319.29
2025-09-22T13:27:35.390, 113.48, 294.07, 110.86, 314.17
2025-09-22T13:27:35.408, 108.28, 288.05, 107.88, 308.46
2025-09-22T13:27:35.424, 104.99, 284.75, 105.31, 303.08
2025-09-22T13:27:35.440, 101.89, 281.32, 102.81, 297.38
2025-09-22T13:27:35.458, 98.18, 277.20, 100.41, 291.29
2025-09-22T13:27:35.475, 94.10, 270.86, 98.34, 285.46
2025-09-22T13:27:35.491, 91.71, 266.94, 96.48, 279.56
2025-09-22T13:27:35.506, 90.61, 265.10, 94.89, 273.85
2025-09-22T13:27:35.525, 87.11, 258.79, 93.36, 267.52
2025-09-22T13:27:35.542, 85.20, 254.56, 92.12, 261.39
2025-09-22T13:27:35.558, 82.94, 247.31, 91.10, 255.32
2025-09-22T13:27:35.575, 80.45, 237.90, 90.29, 249.16
2025-09-22T13:27:35.591, 79.20, 232.54, 89.69, 242.97
2025-09-22T13:27:35.607, 77.55, 227.18, 89.33, 237.13
2025-09-22T13:27:35.625, 76.52, 224.45, 89.15, 230.58
2025-09-22T13:27:35.640, 75.75, 220.21, 89.20, 224.69
2025-09-22T13:27:35.657, 74.95, 215.39, 89.45, 218.51
2025-09-22T13:27:35.674, 74.95, 208.14, 89.93, 212.31
2025-09-22T13:27:35.691, 74.95, 200.19, 90.66, 205.83
2025-09-22T13:27:35.708, 74.95, 191.53, 91.58, 199.64
2025-09-22T13:27:35.725, 74.95, 182.12, 92.71, 193.56
2025-09-22T13:27:35.741, 76.56, 170.31, 94.05, 187.53
2025-09-22T13:27:35.757, 78.11, 159.32, 95.52, 181.79
2025-09-22T13:27:35.775, 79.55, 151.57, 97.38, 175.50
2025-09-22T13:27:35.791, 80.99, 142.92, 99.34, 169.64
2025-09-22T13:27:35.808, 82.37, 135.98, 101.52, 163.81
2025-09-22T13:27:35.825, 84.13, 129.27, 103.89, 158.10
2025-09-22T13:27:35.840, 85.43, 123.58, 106.32, 152.74
2025-09-22T13:27:35.857, 87.55, 117.63, 109.09, 147.17
2025-09-22T13:27:35.874, 90.77, 110.30, 112.19, 141.44
2025-09-22T13:27:35.891, 92.81, 104.95, 115.35, 136.08
2025-09-22T13:27:35.907, 94.34, 100.71, 118.48, 131.14
2025-09-22T13:27:35.925, 95.76, 97.50, 122.19, 125.74
2025-09-22T13:27:35.941, 96.64, 95.98, 125.80, 120.85
2025-09-22T13:27:35.958, 97.84, 94.47, 129.74, 115.90