timestamp, mouseX, mouseY, flowerX, flowerY
2025-09-22T13:28:52.461, 139.88, 103.00, 137.56, 109.93
2025-09-22T13:28:52.478, 139.88, 103.00, 146.20, 101.17
2025-09-22T13:28:52.495, 139.88, 103.00, 155.37, 93.09
2025-09-22T13:28:52.511, 139.88, 103.00, 165.15, 85.62
2025-09-22T13:28:52.529, 140.34, 102.53, 175.42, 78.85
2025-09-22T13:28:52.545, 146.57, 98.93, 186.13, 72.82
2025-09-22T13:28:52.562, 156.25, 94.32, 197.18, 67.58
2025-09-22T13:28:52.578, 171.05, 87.80, 208.01, 63.31
2025-09-22T13:28:52.594, 182.71, 83.85, 219.74, 59.59
2025-09-22T13:28:52.612, 196.25, 79.33, 232.27, 56.59
2025-09-22T13:28:52.628, 207.23, 76.70, 244.41, 54.58
2025-09-22T13:28:52.644, 215.93, 74.27, 256.43, 53.44
2025-09-22T13:28:52.662, 236.80, 66.16, 268.88, 53.13
2025-09-22T13:28:52.678, 258.22, 57.20, 281.16, 53.69
2025-09-22T13:28:52.695, 282.65, 49.27, 293.31, 55.10
2025-09-22T13:28:52.711, 309.02, 42.68, 305.18, 57.32
2025-09-22T13:28:52.729, 323.07, 40.89, 317.30, 60.47
2025-09-22T13:28:52.745, 337.65, 39.03, 328.96, 64.40
2025-09-22T13:28:52.762, 347.88, 39.03, 340.31, 69.13
2025-09-22T13:28:52.778, 354.04, 39.03, 351.11, 74.54
2025-09-22T13:28:52.795, 362.10, 40.30, 361.76, 80.84
2025-09-22T13:28:52.812, 367.19, 44.13, 371.89, 87.82
2025-09-22T13:28:52.829, 371.43, 49.22, 381.56, 95.55
2025-09-22T13:28:52.845, 375.36, 54.93, 390.55, 103.83
2025-09-22T13:28:52.861, 379.57, 61.95, 398.51, 112.22
2025-09-22T13:28:52.879, 385.64, 73.38, 406.75, 122.22
2025-09-22T13:28:52.895, 393.36, 87.64, 413.88, 132.25
2025-09-22T13:28:52.912, 403.96, 105.54, 420.28, 142.75
2025-09-22T13:28:52.928, 417.62, 127.82, 425.90, 153.61
2025-09-22T13:28:52.945, 432.07, 153.68, 430.78, 164.90
2025-09-22T13:28:52.962, 440.95, 171.70, 434.84, 176.44
2025-09-22T13:28:52.978, 447.29, 190.10, 438.10, 188.30
2025-09-22T13:28:52.995, 448.80, 199.25, 440.53, 200.36
2025-09-22T13:28:53.012, 449.88, 211.10, 442.11, 212.56
2025-09-22T13:28:53.029, 449.88, 217.70, 442.83, 224.76
2025-09-22T13:28:53.045, 449.88, 224.29, 442.69, 237.06
2025-09-22T13:28:53.062, 449.42, 231.53, 441.71, 249.25
2025-09-22T13:28:53.079, 447.89, 241.70, 439.88, 261.34
2025-09-22T13:28:53.095, 444.67, 253.49, 437.18, 273.41
2025-09-22T13:28:53.112, 440.83, 266.16, 433.68, 285.13
2025-09-22T13:28:53.129, 433.89, 279.47, 429.35, 296.64
2025-09-22T13:28:53.145, 426.18, 289.94, 424.26, 307.76
2025-09-22T13:28:53.162, 419.25, 297.37, 418.37, 318.56
2025-09-22T13:28:53.179, 408.16, 305.08, 411.78, 328.86
2025-09-22T13:28:53.195, 400.68, 309.29, 404.40, 338.79
2025-09-22T13:28:53.213, 392.99, 314.10, 396.39, 348.13
2025-09-22T13:28:53.229, 383.58, 320.90, 387.75, 356.88
2025-09-22T13:28:53.245, 374.93, 327.51, 379.14, 364.49
2025-09-22T13:28:53.262, 365.02, 335.78, 368.85, 372.38
2025-09-22T13:28:53.279, 356.38, 342.39, 358.58, 379.15
2025-09-22T13:28:53.295, 346.97, 349.19, 347.87, 385.18
2025-09-22T13:28:53.312, 338.83, 355.29, 337.43, 390.16
2025-09-22T13:28:53.327, 335.66, 357.55, 325.85, 394.74
2025-09-22T13:28:53.345, 325.95, 364.96, 313.70, 398.56
2025-09-22T13:28:53.362, 322.58, 367.84, 301.66, 401.43
2025-09-22T13:28:53.378, 312.79, 375.28, 290.25, 403.33
2025-09-22T13:28:53.395, 303.38, 382.08, 277.35, 404.57
2025-09-22T13:28:53.412, 292.37, 389.25, 265.12, 404.87
2025-09-22T13:28:53.429, 281.63, 395.68, 252.84, 404.31
2025-09-22T13:28:53.445, 270.90, 401.04, 240.62, 402.89
2025-09-22T13:28:53.462, 260.73, 404.59, 228.60, 400.63
2025-09-22T13:28:53.479, 251.31, 407.05, 216.70, 397.53
2025-09-22T13:28:53.495, 241.14, 408.06, 205.04, 393.60
2025-09-22T13:28:53.511, 228.13, 408.68, 194.36, 389.17
2025-09-22T13:28:53.528, 217.14, 408.68, 182.76, 383.39
2025-09-22T13:28:53.545, 206.15, 407.15, 172.24, 377.16
2025-09-22T13:28:53.561, 197.24, 403.16, 162.64, 370.57
2025-09-22T13:28:53.579, 184.09, 394.30, 152.50, 362.50
2025-09-22T13:28:53.594, 171.69, 381.90, 143.97, 354.69
2025-09-22T13:28:53.611, 162.54, 371.00, 135.49, 345.78
2025-09-22T13:28:53.629, 151.88, 359.15, 127.25, 335.78
2025-09-22T13:28:53.644, 142.84, 348.42, 120.49, 326.30
2025-09-22T13:28:53.661, 131.56, 334.54, 114.05, 315.82
2025-09-22T13:28:53.679, 123.07, 319.96, 108.10, 304.39
2025-09-22T13:28:53.696, 112.02, 299.91, 103.25, 293.17
2025-09-22T13:28:53.712, 99.86, 274.20, 99.16, 281.56
2025-09-22T13:28:53.727, 95.32, 265.12, 96.05, 270.35
2025-09-22T13:28:53.745, 86.79, 249.61, 93.48, 257.72
2025-09-22T13:28:53.762, 83.62, 242.36, 91.90, 245.52
2025-09-22T13:28:53.778, 80.73, 234.30, 91.19, 233.90
2025-09-22T13:28:53.796, 79.83, 227.05, 91.31, 220.94
2025-09-22T13:28:53.812, 78.38, 218.39, 92.29, 208.75
2025-09-22T13:28:53.829, 77.25, 204.62, 94.14, 196.59
2025-09-22T13:28:53.845, 75.41, 188.23, 96.82, 184.59
2025-09-22T13:28:53.862, 74.76, 172.60, 100.32, 172.87
2025-09-22T13:28:53.878, 74.76, 156.21, 104.65, 161.36
2025-09-22T13:28:53.895, 74.76, 141.73, 109.78, 150.18
2025-09-22T13:28:53.912, 78.37, 131.25, 115.63, 139.44
2025-09-22T13:28:53.930, 81.18, 127.22, 122.26, 129.08
2025-09-22T13:28:53.945, 83.79, 124.21, 129.55, 119.27
2025-09-22T13:28:53.962, 85.72, 122.95, 137.56, 109.93
2025-09-22T13:28:53.978, 87.23, 122.03, 146.20, 101.17
2025-09-22T13:28:53.996, 88.82, 120.71, 155.43, 93.04
2025-09-22T13:28:54.012, 93.57, 114.09, 165.21, 85.58
2025-09-22T13:28:54.028, 102.65, 103.34, 175.35, 78.89
2025-09-22T13:28:54.045, 112.22, 93.14, 186.07, 72.85
2025-09-22T13:28:54.062, 124.63, 80.73, 197.18, 67.57
2025-09-22T13:28:54.079, 134.55, 71.92, 208.64, 63.09
2025-09-22T13:28:54.095, 142.32, 65.48, 220.37, 59.42
2025-09-22T13:28:54.112, 148.66, 61.40, 232.34, 56.57
2025-09-22T13:28:54.128, 155.44, 58.23, 243.75, 54.67
2025-09-22T13:28:54.145, 167.46, 55.49, 256.73, 53.42
2025-09-22T13:28:54.162, 181.91, 53.68, 268.88, 53.13
2025-09-22T13:28:54.179, 199.27, 51.82, 281.16, 53.69
2025-09-22T13:28:54.195, 222.07, 50.43, 293.31, 55.10
2025-09-22T13:28:54.212, 246.02, 49.72, 305.40, 57.37
2025-09-22T13:28:54.229, 262.74, 49.72, 317.30, 60.47
2025-09-22T13:28:54.246, 291.97, 49.72, 328.96, 64.40
2025-09-22T13:28:54.262, 313.84, 53.38, 340.24, 69.10
2025-09-22T13:28:54.278, 329.60, 60.68, 351.24, 74.61
2025-09-22T13:28:54.295, 343.14, 69.14, 361.83, 80.88
2025-09-22T13:28:54.312, 357.40, 79.69, 371.89, 87.82
2025-09-22T13:28:54.329, 364.60, 86.32, 381.50, 95.50
2025-09-22T13:28:54.345, 374.61, 96.81, 390.55, 103.83
2025-09-22T13:28:54.362, 380.86, 103.54, 398.95, 112.72
2025-09-22T13:28:54.378, 389.66, 113.47, 406.75, 122.22
2025-09-22T13:28:54.395, 402.41, 125.00, 413.88, 132.25
2025-09-22T13:28:54.412, 417.96, 140.55, 420.28, 142.75
2025-09-22T13:28:54.429, 428.45, 151.67, 425.90, 153.61
2025-09-22T13:28:54.445, 435.73, 161.04, 430.78, 164.90
2025-09-22T13:28:54.462, 442.93, 172.13, 434.84, 176.44
2025-09-22T13:28:54.479, 446.29, 180.78, 438.10, 188.30
2025-09-22T13:28:54.495, 449.79, 195.25, 440.52, 200.28
2025-09-22T13:28:54.512, 453.56, 211.55, 442.10, 212.48
2025-09-22T13:28:54.529, 455.71, 223.57, 442.83, 224.76
2025-09-22T13:28:54.545, 456.83, 237.17, 442.70, 236.99
2025-09-22T13:28:54.562, 456.83, 248.15, 441.71, 249.25
2025-09-22T13:28:54.579, 456.32, 258.31, 439.86, 261.41
2025-09-22T13:28:54.596, 452.14, 269.29, 437.20, 273.34
2025-09-22T13:28:54.612, 447.28, 280.58, 433.66, 285.20
2025-09-22T13:28:54.628, 441.40, 294.35, 429.35, 296.64
2025-09-22T13:28:54.645, 432.04, 313.68, 424.22, 307.82
2025-09-22T13:28:54.662, 422.31, 329.24, 418.33, 318.62
2025-09-22T13:28:54.679, 415.30, 338.93, 411.74, 328.92
2025-09-22T13:28:54.695, 406.04, 351.08, 404.40, 338.79
2025-09-22T13:28:54.712, 398.53, 360.73, 396.44, 348.07
2025-09-22T13:28:54.729, 390.45, 369.88, 387.80, 356.83
2025-09-22T13:28:54.745, 377.84, 380.11, 378.57, 364.96
2025-09-22T13:28:54.762, 368.46, 385.30, 368.85, 372.38
2025-09-22T13:28:54.779, 356.88, 391.36, 358.58, 379.15
2025-09-22T13:28:54.796, 341.56, 397.46, 347.87, 385.18
2025-09-22T13:28:54.812, 331.39, 400.51, 336.82, 390.42
2025-09-22T13:28:54.829, 320.40, 403.13, 325.36, 394.91
2025-09-22T13:28:54.845, 303.68, 406.90, 313.63, 398.58
2025-09-22T13:28:54.862, 287.29, 409.32, 301.66, 401.43
2025-09-22T13:28:54.878, 275.25, 410.39, 289.59, 403.42
2025-09-22T13:28:54.895, 266.54, 411.35, 277.35, 404.57
2025-09-22T13:28:54.912, 258.59, 412.28, 265.12, 404.87
2025-09-22T13:28:54.929, 250.53, 412.70, 252.84, 404.31
2025-09-22T13:28:54.946, 243.93, 413.13, 240.62, 402.89
2025-09-22T13:28:54.962, 231.61, 413.13, 228.60, 400.63
2025-09-22T13:28:54.979, 217.14, 413.13, 216.70, 397.53
2025-09-22T13:28:54.995, 203.36, 412.11, 205.11, 393.63
2025-09-22T13:28:55.012, 188.89, 408.04, 193.69, 388.87
2025-09-22T13:28:55.029, 177.82, 404.14, 182.82, 383.42
2025-09-22T13:28:55.045, 169.76, 400.01, 172.24, 377.16
2025-09-22T13:28:55.062, 161.50, 393.23, 162.11, 370.18
2025-09-22T13:28:55.079, 152.81, 381.06, 152.50, 362.50
2025-09-22T13:28:55.095, 141.53, 363.16, 143.50, 354.22
2025-09-22T13:28:55.112, 128.67, 343.87, 135.00, 345.23
2025-09-22T13:28:55.129, 121.98, 332.18, 127.25, 335.78
2025-09-22T13:28:55.145, 113.88, 319.43, 120.12, 325.75
2025-09-22T13:28:55.162, 107.97, 308.70, 113.72, 315.25
2025-09-22T13:28:55.179, 101.86, 299.54, 108.10, 304.39
2025-09-22T13:28:55.194, 92.89, 282.96, 103.46, 293.71
2025-09-22T13:28:55.212, 84.40, 267.78, 99.14, 281.49
2025-09-22T13:28:55.229, 76.45, 248.55, 95.90, 269.70
2025-09-22T13:28:55.245, 71.82, 234.78, 93.47, 257.64
2025-09-22T13:28:55.262, 66.23, 217.41, 91.89, 245.45
2025-09-22T13:28:55.279, 62.70, 194.26, 91.17, 233.24
2025-09-22T13:28:55.295, 61.40, 180.21, 91.31, 220.94
2025-09-22T13:28:55.312, 61.40, 164.75, 92.30, 208.68
2025-09-22T13:28:55.328, 61.40, 152.94, 94.14, 196.59
2025-09-22T13:28:55.345, 62.36, 138.44, 96.82, 184.59
2025-09-22T13:28:55.362, 64.20, 130.49, 100.34, 172.80
2025-09-22T13:28:55.379, 66.09, 123.55, 104.65, 161.36
2025-09-22T13:28:55.395, 67.64, 119.32, 109.74, 150.24
2025-09-22T13:28:55.412, 69.18, 115.09, 115.63, 139.44
2025-09-22T13:28:55.428, 70.96, 111.88, 122.26, 129.08
2025-09-22T13:28:55.445, 73.65, 108.04, 129.60, 119.21