timestamp, mouseX, mouseY, flowerX, flowerY
2025-09-22T13:10:35.433, 128.85, 114.78, 132.71, 112.40
2025-09-22T13:10:35.449, 128.85, 114.78, 134.64, 110.23
2025-09-22T13:10:35.466, 128.85, 114.78, 136.60, 108.11
2025-09-22T13:10:35.483, 128.85, 114.78, 138.59, 106.02
2025-09-22T13:10:35.500, 128.85, 114.78, 140.64, 103.93
2025-09-22T13:10:35.517, 128.85, 114.78, 142.71, 101.90
2025-09-22T13:10:35.533, 128.85, 114.78, 144.79, 99.92
2025-09-22T13:10:35.549, 128.85, 114.78, 146.94, 97.95
2025-09-22T13:10:35.567, 128.85, 114.78, 149.10, 96.03
2025-09-22T13:10:35.583, 128.85, 114.78, 151.22, 94.21
2025-09-22T13:10:35.599, 128.85, 114.78, 153.52, 92.29
2025-09-22T13:10:35.616, 128.85, 114.78, 155.79, 90.48
2025-09-22T13:10:35.633, 128.85, 114.78, 158.07, 88.71
2025-09-22T13:10:35.649, 128.85, 114.78, 160.39, 86.97
2025-09-22T13:10:35.669, 129.19, 112.82, 162.76, 85.25
2025-09-22T13:10:35.683, 130.55, 110.09, 165.11, 83.61
2025-09-22T13:10:35.700, 133.38, 105.89, 167.54, 81.98
2025-09-22T13:10:35.717, 138.98, 99.80, 169.96, 80.41
2025-09-22T13:10:35.733, 145.93, 92.88, 172.42, 78.86
2025-09-22T13:10:35.750, 154.06, 86.26, 174.89, 77.37
2025-09-22T13:10:35.767, 162.70, 80.15, 177.40, 75.91
2025-09-22T13:10:35.784, 167.80, 77.23, 179.93, 74.50
2025-09-22T13:10:35.800, 172.02, 74.93, 182.48, 73.13
2025-09-22T13:10:35.817, 174.43, 73.50, 185.06, 71.80
2025-09-22T13:10:35.833, 175.57, 72.64, 187.66, 70.51
2025-09-22T13:10:35.850, 176.40, 72.35, 190.28, 69.27
2025-09-22T13:10:35.867, 176.92, 72.09, 192.91, 68.07
2025-09-22T13:10:35.883, 177.43, 71.83, 195.58, 66.92
2025-09-22T13:10:35.900, 178.26, 71.54, 198.24, 65.81
2025-09-22T13:10:35.917, 180.14, 70.91, 200.94, 64.74
2025-09-22T13:10:35.934, 182.44, 70.25, 203.66, 63.72
2025-09-22T13:10:35.950, 184.31, 69.61, 206.40, 62.75
2025-09-22T13:10:35.967, 185.82, 69.01, 209.13, 61.82
2025-09-22T13:10:35.983, 187.33, 68.40, 211.90, 60.94
2025-09-22T13:10:36.000, 189.20, 67.46, 214.66, 60.10
2025-09-22T13:10:36.017, 191.50, 66.46, 217.46, 59.31
2025-09-22T13:10:36.034, 195.73, 65.29, 220.26, 58.56
2025-09-22T13:10:36.050, 200.71, 64.04, 223.06, 57.87
2025-09-22T13:10:36.067, 205.70, 62.79, 225.89, 57.22
2025-09-22T13:10:36.083, 211.64, 61.51, 228.73, 56.61
2025-09-22T13:10:36.100, 216.99, 59.47, 231.57, 56.06
2025-09-22T13:10:36.117, 226.56, 56.86, 234.43, 55.55
2025-09-22T13:10:36.133, 231.54, 56.06, 237.29, 55.09
2025-09-22T13:10:36.149, 237.49, 54.79, 240.05, 54.69
2025-09-22T13:10:36.167, 242.84, 53.96, 243.03, 54.31
2025-09-22T13:10:36.184, 246.53, 53.22, 245.90, 54.00
2025-09-22T13:10:36.202, 249.73, 52.51, 248.79, 53.73
2025-09-22T13:10:36.216, 252.46, 52.16, 251.69, 53.50
2025-09-22T13:10:36.233, 255.19, 51.82, 254.59, 53.33
2025-09-22T13:10:36.250, 258.39, 51.11, 257.47, 53.21
2025-09-22T13:10:36.267, 261.60, 51.11, 260.37, 53.13
2025-09-22T13:10:36.283, 264.81, 50.76, 263.28, 53.10
2025-09-22T13:10:36.300, 267.54, 50.76, 266.18, 53.12
2025-09-22T13:10:36.317, 269.84, 50.76, 269.07, 53.19
2025-09-22T13:10:36.333, 271.71, 50.76, 271.97, 53.31
2025-09-22T13:10:36.350, 273.59, 50.76, 274.87, 53.47
2025-09-22T13:10:36.366, 275.09, 50.76, 277.66, 53.68
2025-09-22T13:10:36.383, 276.60, 50.76, 280.64, 53.95
2025-09-22T13:10:36.400, 278.11, 50.76, 283.53, 54.26
2025-09-22T13:10:36.417, 279.62, 50.76, 286.39, 54.62
2025-09-22T13:10:36.433, 281.13, 50.76, 289.25, 55.02
2025-09-22T13:10:36.450, 283.43, 50.76, 292.02, 55.46
2025-09-22T13:10:36.467, 285.73, 50.76, 294.98, 55.98
2025-09-22T13:10:36.483, 288.93, 51.47, 297.83, 56.52
2025-09-22T13:10:36.500, 293.16, 52.23, 300.66, 57.12
2025-09-22T13:10:36.517, 297.49, 53.42, 303.49, 57.76
2025-09-22T13:10:36.533, 300.70, 54.50, 306.29, 58.45
2025-09-22T13:10:36.550, 306.70, 56.19, 309.10, 59.19
2025-09-22T13:10:36.567, 309.91, 57.98, 311.90, 59.97
2025-09-22T13:10:36.583, 314.13, 59.88, 314.66, 60.80
2025-09-22T13:10:36.600, 317.82, 61.35, 317.43, 61.68
2025-09-22T13:10:36.617, 322.13, 64.24, 320.18, 62.60
2025-09-22T13:10:36.633, 324.55, 65.97, 322.92, 63.57
2025-09-22T13:10:36.650, 326.42, 67.22, 325.63, 64.58
2025-09-22T13:10:36.666, 328.30, 68.16, 328.33, 65.64
2025-09-22T13:10:36.683, 330.17, 69.41, 331.00, 66.74
2025-09-22T13:10:36.700, 332.59, 71.14, 333.68, 67.89
2025-09-22T13:10:36.716, 334.55, 72.79, 336.27, 69.06
2025-09-22T13:10:36.733, 336.96, 74.52, 338.94, 70.32
2025-09-22T13:10:36.750, 339.35, 76.22, 341.53, 71.59
2025-09-22T13:10:36.766, 341.39, 78.27, 344.11, 72.92
2025-09-22T13:10:36.783, 343.44, 80.32, 346.66, 74.28
2025-09-22T13:10:36.800, 345.40, 81.96, 349.20, 75.69
2025-09-22T13:10:36.816, 347.05, 83.93, 351.71, 77.14
2025-09-22T13:10:36.833, 349.01, 85.57, 354.19, 78.62
2025-09-22T13:10:36.849, 350.66, 87.54, 356.60, 80.12
2025-09-22T13:10:36.866, 352.25, 89.13, 359.09, 81.73
2025-09-22T13:10:36.883, 353.85, 90.72, 361.51, 83.35
2025-09-22T13:10:36.900, 356.23, 92.43, 363.89, 85.01
2025-09-22T13:10:36.916, 358.65, 94.53, 366.16, 86.64
2025-09-22T13:10:36.933, 361.97, 96.74, 368.56, 88.43
2025-09-22T13:10:36.950, 364.81, 98.52, 370.86, 90.20
2025-09-22T13:10:36.967, 366.77, 100.17, 373.12, 92.00
2025-09-22T13:10:36.983, 368.73, 101.51, 375.28, 93.79
2025-09-22T13:10:37.000, 369.87, 102.65, 377.57, 95.74
2025-09-22T13:10:37.017, 370.73, 103.50, 379.73, 97.65
2025-09-22T13:10:37.033, 371.87, 104.36, 381.87, 99.61
2025-09-22T13:10:37.049, 373.01, 105.50, 383.88, 101.51
2025-09-22T13:10:37.067, 374.52, 106.70, 386.05, 103.62
2025-09-22T13:10:37.083, 376.08, 108.26, 388.09, 105.69
2025-09-22T13:10:37.100, 377.95, 109.51, 390.10, 107.78
2025-09-22T13:10:37.117, 379.52, 111.07, 392.06, 109.90
2025-09-22T13:10:37.133, 381.56, 113.12, 394.00, 112.06
2025-09-22T13:10:37.150, 384.12, 115.27, 395.89, 114.25
2025-09-22T13:10:37.167, 386.62, 117.40, 397.75, 116.47
2025-09-22T13:10:37.183, 388.75, 119.90, 399.58, 118.73
2025-09-22T13:10:37.200, 391.90, 123.43, 401.37, 121.02
2025-09-22T13:10:37.217, 394.48, 126.38, 403.11, 123.32
2025-09-22T13:10:37.233, 396.69, 129.33, 404.82, 125.67
2025-09-22T13:10:37.250, 398.90, 132.65, 406.48, 128.03
2025-09-22T13:10:37.267, 401.11, 136.34, 408.12, 130.43
2025-09-22T13:10:37.283, 402.90, 139.18, 409.70, 132.84
2025-09-22T13:10:37.299, 404.15, 141.05, 411.20, 135.21
2025-09-22T13:10:37.317, 405.00, 142.20, 412.76, 137.78
2025-09-22T13:10:37.333, 405.86, 143.34, 414.23, 140.28
2025-09-22T13:10:37.350, 406.69, 144.16, 415.66, 142.81
2025-09-22T13:10:37.367, 407.20, 144.68, 417.04, 145.35
2025-09-22T13:10:37.383, 407.72, 144.94, 418.38, 147.92
2025-09-22T13:10:37.399, 407.98, 145.20, 419.67, 150.50
2025-09-22T13:10:37.416, 408.22, 145.20, 420.92, 153.12
2025-09-22T13:10:37.433, 408.46, 145.20, 420.92, 153.11
2025-09-22T13:10:37.450, 408.46, 145.20, 419.66, 150.49
2025-09-22T13:10:37.468, 408.70, 145.20, 418.37, 147.91
2025-09-22T13:10:37.483, 408.70, 145.20, 417.04, 145.35
2025-09-22T13:10:37.499, 408.70, 145.20, 415.65, 142.80
2025-09-22T13:10:37.516, 408.70, 145.20, 414.22, 140.27
2025-09-22T13:10:37.533, 408.70, 145.20, 412.75, 137.76
2025-09-22T13:10:37.549, 408.70, 145.20, 411.25, 135.30
2025-09-22T13:10:37.566, 408.70, 145.20, 409.70, 132.84
2025-09-22T13:10:37.586, 408.70, 145.43, 408.11, 130.41
2025-09-22T13:10:37.599, 408.70, 145.43, 406.48, 128.03
2025-09-22T13:10:37.616, 408.70, 145.43, 404.81, 125.65
2025-09-22T13:10:37.633, 408.70, 145.66, 403.10, 123.31
2025-09-22T13:10:37.649, 408.70, 145.66, 401.36, 121.00
2025-09-22T13:10:37.666, 408.70, 145.66, 399.57, 118.72
2025-09-22T13:10:37.683, 408.70, 145.66, 397.74, 116.46
2025-09-22T13:10:37.700, 408.70, 145.66, 395.87, 114.22
2025-09-22T13:10:37.716, 408.70, 145.66, 393.99, 112.05
2025-09-22T13:10:37.733, 408.70, 145.66, 392.05, 109.89
2025-09-22T13:10:37.749, 408.70, 145.66, 390.17, 107.86
2025-09-22T13:10:37.767, 408.46, 144.95, 388.08, 105.67
2025-09-22T13:10:37.783, 405.76, 141.48, 386.04, 103.61
2025-09-22T13:10:37.800, 403.06, 138.02, 383.97, 101.59
2025-09-22T13:10:37.817, 399.99, 134.55, 381.86, 99.60
2025-09-22T13:10:37.833, 397.37, 131.53, 379.72, 97.64
2025-09-22T13:10:37.850, 394.86, 129.02, 377.55, 95.73
2025-09-22T13:10:37.867, 393.21, 127.05, 375.34, 93.84
2025-09-22T13:10:37.883, 391.61, 125.45, 373.11, 91.99
2025-09-22T13:10:37.901, 389.55, 123.40, 370.84, 90.18
2025-09-22T13:10:37.917, 387.50, 121.34, 368.55, 88.42
2025-09-22T13:10:37.933, 383.89, 118.11, 366.24, 86.69
2025-09-22T13:10:37.950, 380.31, 114.53, 363.86, 84.99
2025-09-22T13:10:37.967, 375.77, 111.24, 361.49, 83.34
2025-09-22T13:10:37.983, 372.76, 108.62, 359.08, 81.72
2025-09-22T13:10:37.999, 368.92, 105.92, 356.76, 80.22
2025-09-22T13:10:38.017, 365.45, 102.85, 354.19, 78.62
2025-09-22T13:10:38.033, 360.18, 98.43, 351.71, 77.14
2025-09-22T13:10:38.050, 356.58, 95.20, 349.18, 75.68
2025-09-22T13:10:38.066, 352.46, 91.48, 346.78, 74.34
2025-09-22T13:10:38.083, 348.89, 87.90, 344.10, 72.91
2025-09-22T13:10:38.100, 346.30, 85.31, 341.53, 71.59
2025-09-22T13:10:38.117, 344.24, 83.26, 338.92, 70.31
2025-09-22T13:10:38.133, 343.09, 82.11, 336.30, 69.07
2025-09-22T13:10:38.150, 341.95, 81.25, 333.65, 67.88
2025-09-22T13:10:38.167, 340.80, 80.38, 331.00, 66.74
2025-09-22T13:10:38.183, 339.28, 79.46, 328.31, 65.63
2025-09-22T13:10:38.200, 336.89, 77.75, 325.63, 64.58
2025-09-22T13:10:38.217, 335.00, 76.50, 322.90, 63.56
2025-09-22T13:10:38.233, 332.27, 75.13, 320.18, 62.60
2025-09-22T13:10:38.250, 329.96, 74.16, 317.41, 61.67
2025-09-22T13:10:38.267, 327.65, 73.18, 314.66, 60.80
2025-09-22T13:10:38.284, 322.54, 71.36, 311.88, 59.97
2025-09-22T13:10:38.300, 319.80, 70.33, 309.10, 59.19
2025-09-22T13:10:38.317, 315.57, 68.79, 306.29, 58.45
2025-09-22T13:10:38.333, 310.75, 66.77, 303.49, 57.76
2025-09-22T13:10:38.350, 307.00, 65.63, 300.66, 57.12
2025-09-22T13:10:38.367, 302.77, 63.70, 297.81, 56.52
2025-09-22T13:10:38.384, 298.54, 62.53, 294.96, 55.97
2025-09-22T13:10:38.400, 294.84, 61.05, 292.10, 55.47
2025-09-22T13:10:38.417, 289.37, 59.77, 289.23, 55.02
2025-09-22T13:10:38.433, 286.04, 58.74, 286.37, 54.61
2025-09-22T13:10:38.450, 282.83, 57.66, 283.51, 54.26
2025-09-22T13:10:38.467, 279.61, 56.57, 280.61, 53.95
2025-09-22T13:10:38.483, 276.88, 55.88, 277.75, 53.69
2025-09-22T13:10:38.500, 274.57, 55.22, 274.85, 53.47
2025-09-22T13:10:38.517, 272.69, 54.59, 271.95, 53.31
2025-09-22T13:10:38.533, 270.38, 54.25, 269.07, 53.19
2025-09-22T13:10:38.550, 268.50, 53.93, 266.15, 53.12
2025-09-22T13:10:38.566, 266.61, 53.93, 263.38, 53.10
2025-09-22T13:10:38.583, 264.30, 53.61, 260.37, 53.13
2025-09-22T13:10:38.600, 262.42, 53.61, 257.45, 53.21
2025-09-22T13:10:38.617, 260.11, 53.61, 254.55, 53.33
2025-09-22T13:10:38.633, 257.38, 53.61, 251.69, 53.50
2025-09-22T13:10:38.650, 255.07, 53.61, 248.79, 53.73
2025-09-22T13:10:38.667, 252.34, 53.61, 245.90, 54.00
2025-09-22T13:10:38.683, 249.60, 53.61, 243.03, 54.31
2025-09-22T13:10:38.700, 246.39, 53.61, 240.13, 54.68
2025-09-22T13:10:38.717, 243.17, 53.61, 237.28, 55.09
2025-09-22T13:10:38.733, 238.83, 54.38, 234.43, 55.55
2025-09-22T13:10:38.750, 234.48, 54.80, 231.57, 56.06
2025-09-22T13:10:38.767, 229.72, 55.19, 228.72, 56.62
2025-09-22T13:10:38.783, 226.02, 55.93, 225.89, 57.22
2025-09-22T13:10:38.800, 222.81, 56.27, 223.06, 57.87
2025-09-22T13:10:38.817, 216.62, 57.39, 220.25, 58.57
2025-09-22T13:10:38.833, 211.79, 58.18, 217.46, 59.31
2025-09-22T13:10:38.850, 208.04, 58.92, 214.64, 60.11
2025-09-22T13:10:38.866, 202.68, 60.16, 211.88, 60.94
2025-09-22T13:10:38.883, 198.45, 60.92, 209.12, 61.83
2025-09-22T13:10:38.900, 195.24, 61.63, 206.36, 62.76
2025-09-22T13:10:38.917, 192.50, 62.31, 203.63, 63.73
2025-09-22T13:10:38.933, 190.20, 63.30, 200.94, 64.74
2025-09-22T13:10:38.950, 187.89, 63.95, 198.23, 65.82
2025-09-22T13:10:38.967, 186.00, 64.89, 195.56, 66.92
2025-09-22T13:10:38.983, 183.70, 65.86, 192.90, 68.08
2025-09-22T13:10:39.000, 181.39, 67.16, 190.25, 69.28
2025-09-22T13:10:39.017, 179.08, 68.46, 187.65, 70.52
2025-09-22T13:10:39.034, 177.20, 69.71, 185.04, 71.81
2025-09-22T13:10:39.050, 175.68, 70.91, 182.48, 73.13
2025-09-22T13:10:39.067, 174.16, 72.11, 179.92, 74.51
2025-09-22T13:10:39.083, 173.02, 73.25, 177.38, 75.92
2025-09-22T13:10:39.100, 171.81, 74.75, 174.89, 77.37
2025-09-22T13:10:39.117, 170.16, 76.71, 172.40, 78.87
2025-09-22T13:10:39.133, 168.50, 78.68, 169.96, 80.41
2025-09-22T13:10:39.150, 166.79, 81.06, 167.52, 81.99
2025-09-22T13:10:39.167, 164.73, 83.11, 165.11, 83.61
2025-09-22T13:10:39.184, 162.60, 85.61, 162.73, 85.27
2025-09-22T13:10:39.200, 160.46, 88.11, 160.38, 86.98
2025-09-22T13:10:39.217, 157.95, 90.61, 158.07, 88.71
2025-09-22T13:10:39.233, 154.99, 93.19, 155.77, 90.49
2025-09-22T13:10:39.250, 152.48, 95.69, 153.52, 92.29
2025-09-22T13:10:39.267, 150.52, 97.34, 151.29, 94.15
2025-09-22T13:10:39.283, 148.63, 98.59, 149.09, 96.04
2025-09-22T13:10:39.300, 147.12, 99.79, 146.93, 97.96
2025-09-22T13:10:39.317, 145.97, 100.93, 144.79, 99.92
2025-09-22T13:10:39.333, 143.46, 103.05, 142.68, 101.92
2025-09-22T13:10:39.350, 141.18, 105.95, 140.61, 103.96
2025-09-22T13:10:39.367, 139.04, 108.45, 138.59, 106.02
2025-09-22T13:10:39.383, 136.53, 110.58, 136.58, 108.12
2025-09-22T13:10:39.400, 134.82, 112.97, 134.62, 110.26
2025-09-22T13:10:39.417, 133.22, 114.56, 132.70, 112.41
2025-09-22T13:10:39.433, 131.56, 116.52, 132.71, 112.40
2025-09-22T13:10:39.450, 130.36, 118.03, 134.64, 110.23
2025-09-22T13:10:39.467, 128.70, 119.99, 136.60, 108.11
2025-09-22T13:10:39.482, 127.50, 121.50, 138.49, 106.12
2025-09-22T13:10:39.499, 126.35, 122.64, 140.51, 104.06
2025-09-22T13:10:39.516, 125.43, 124.15, 142.58, 102.02
2025-09-22T13:10:39.533, 124.18, 126.02, 144.80, 99.91
2025-09-22T13:10:39.550, 123.29, 127.53, 146.94, 97.95
2025-09-22T13:10:39.567, 122.42, 128.67, 149.10, 96.03
2025-09-22T13:10:39.583, 121.56, 129.53, 151.30, 94.14
2025-09-22T13:10:39.601, 121.27, 130.36, 153.52, 92.29
2025-09-22T13:10:39.617, 121.01, 130.87, 155.80, 90.47
2025-09-22T13:10:39.633, 120.75, 131.13, 158.08, 88.70
2025-09-22T13:10:39.650, 120.50, 131.39, 160.39, 86.97
2025-09-22T13:10:39.666, 120.50, 131.39, 162.75, 85.26
2025-09-22T13:10:39.683, 120.50, 131.39, 165.13, 83.60
2025-09-22T13:10:39.700, 120.50, 130.91, 167.52, 81.99
2025-09-22T13:10:39.717, 120.50, 129.39, 169.96, 80.41
2025-09-22T13:10:39.733, 121.46, 127.08, 172.42, 78.86
2025-09-22T13:10:39.750, 122.82, 124.35, 174.89, 77.37
2025-09-22T13:10:39.767, 125.12, 120.12, 177.40, 75.91
2025-09-22T13:10:39.783, 128.82, 115.58, 179.93, 74.50
2025-09-22T13:10:39.800, 133.21, 109.86, 182.48, 73.13
2025-09-22T13:10:39.816, 138.80, 103.77, 185.06, 71.80
2025-09-22T13:10:39.833, 144.23, 98.33, 187.66, 70.51
2025-09-22T13:10:39.850, 149.50, 93.49, 190.27, 69.27
2025-09-22T13:10:39.867, 155.41, 88.48, 192.91, 68.07
2025-09-22T13:10:39.883, 162.64, 83.16, 195.58, 66.92
2025-09-22T13:10:39.899, 170.07, 76.73, 198.10, 65.87
2025-09-22T13:10:39.917, 180.16, 68.07, 200.94, 64.74
2025-09-22T13:10:39.933, 181.64, 66.96, 203.50, 63.78
2025-09-22T13:10:39.950, 188.29, 61.13, 206.38, 62.75
2025-09-22T13:10:39.967, 193.44, 57.27, 209.13, 61.82
2025-09-22T13:10:39.983, 198.37, 54.38, 211.90, 60.94
2025-09-22T13:10:40.000, 204.08, 50.86, 214.68, 60.10
2025-09-22T13:10:40.017, 211.32, 47.69, 217.46, 59.31
2025-09-22T13:10:40.033, 218.57, 44.97, 220.26, 58.56
2025-09-22T13:10:40.050, 223.38, 43.32, 223.06, 57.87
2025-09-22T13:10:40.066, 229.33, 41.62, 225.74, 57.25
2025-09-22T13:10:40.082, 234.09, 40.42, 228.58, 56.64
2025-09-22T13:10:40.098, 235.93, 40.42, 231.41, 56.09
2025-09-22T13:10:40.117, 240.98, 40.05, 234.43, 55.55
2025-09-22T13:10:40.133, 244.19, 40.05, 237.29, 55.09
2025-09-22T13:10:40.150, 246.91, 40.05, 240.15, 54.68
2025-09-22T13:10:40.167, 249.64, 40.05, 243.03, 54.31
2025-09-22T13:10:40.183, 252.85, 40.05, 245.92, 53.99
2025-09-22T13:10:40.200, 256.54, 41.16, 248.79, 53.73
2025-09-22T13:10:40.217, 260.22, 42.26, 251.69, 53.50
2025-09-22T13:10:40.234, 264.45, 43.79, 254.59, 53.33
2025-09-22T13:10:40.250, 268.78, 45.41, 257.44, 53.21
2025-09-22T13:10:40.267, 274.25, 47.87, 260.37, 53.13
2025-09-22T13:10:40.283, 277.45, 49.29, 263.28, 53.10
2025-09-22T13:10:40.300, 281.14, 51.50, 266.18, 53.12
2025-09-22T13:10:40.317, 284.35, 52.91, 269.07, 53.19
2025-09-22T13:10:40.333, 287.67, 54.76, 271.97, 53.31
2025-09-22T13:10:40.349, 290.51, 56.54, 274.70, 53.46
2025-09-22T13:10:40.367, 294.73, 58.84, 277.75, 53.69
2025-09-22T13:10:40.383, 297.60, 60.96, 280.64, 53.95
2025-09-22T13:10:40.400, 302.13, 63.45, 283.53, 54.26
2025-09-22T13:10:40.417, 305.96, 66.14, 286.39, 54.62
2025-09-22T13:10:40.433, 311.66, 69.54, 289.25, 55.02
2025-09-22T13:10:40.450, 314.98, 71.75, 292.12, 55.47
2025-09-22T13:10:40.466, 318.30, 73.60, 294.98, 55.98
2025-09-22T13:10:40.483, 322.69, 76.40, 297.83, 56.52
2025-09-22T13:10:40.500, 325.55, 78.53, 300.67, 57.12
2025-09-22T13:10:40.517, 329.24, 80.74, 303.49, 57.76
2025-09-22T13:10:40.532, 333.07, 83.43, 306.16, 58.42
2025-09-22T13:10:40.550, 336.02, 86.02, 309.10, 59.19
2025-09-22T13:10:40.567, 338.98, 88.23, 311.91, 59.98
2025-09-22T13:10:40.583, 341.36, 89.93, 314.68, 60.80
2025-09-22T13:10:40.600, 343.86, 92.06, 317.45, 61.68
2025-09-22T13:10:40.616, 344.89, 93.08, 320.18, 62.60
2025-09-22T13:10:40.633, 348.21, 95.41, 322.92, 63.57
2025-09-22T13:10:40.650, 350.60, 97.11, 325.64, 64.58
2025-09-22T13:10:40.667, 352.47, 98.36, 328.33, 65.64
2025-09-22T13:10:40.684, 353.98, 99.56, 331.00, 66.74
2025-09-22T13:10:40.700, 355.49, 100.75, 333.67, 67.89
2025-09-22T13:10:40.717, 356.32, 101.30, 336.31, 69.08
2025-09-22T13:10:40.734, 357.14, 101.84, 338.94, 70.32
2025-09-22T13:10:40.749, 357.97, 102.38, 341.41, 71.53
2025-09-22T13:10:40.766, 358.49, 102.90, 344.13, 72.92
2025-09-22T13:10:40.783, 359.00, 103.16, 346.66, 74.28
2025-09-22T13:10:40.800, 359.52, 103.67, 349.20, 75.69
2025-09-22T13:10:40.816, 360.35, 104.21, 351.71, 77.14
2025-09-22T13:10:40.833, 361.49, 104.79, 354.20, 78.63
2025-09-22T13:10:40.850, 363.00, 105.70, 356.66, 80.16
2025-09-22T13:10:40.866, 364.50, 106.61, 359.09, 81.73
2025-09-22T13:10:40.883, 366.01, 107.80, 361.51, 83.35
2025-09-22T13:10:40.900, 367.89, 108.74, 363.89, 85.01
2025-09-22T13:10:40.916, 370.19, 110.04, 366.16, 86.64
2025-09-22T13:10:40.933, 372.15, 111.69, 368.56, 88.43
2025-09-22T13:10:40.950, 373.66, 112.89, 370.85, 90.19
2025-09-22T13:10:40.966, 375.53, 114.14, 373.01, 91.92
2025-09-22T13:10:40.983, 378.97, 116.89, 375.36, 93.85
2025-09-22T13:10:41.000, 381.38, 118.62, 377.57, 95.74
2025-09-22T13:10:41.016, 383.96, 121.20, 379.73, 97.65
2025-09-22T13:10:41.034, 386.46, 123.33, 381.87, 99.61
2025-09-22T13:10:41.050, 388.51, 125.38, 383.98, 101.60
2025-09-22T13:10:41.067, 390.56, 127.43, 386.05, 103.62
2025-09-22T13:10:41.083, 393.17, 130.43, 388.09, 105.69
2025-09-22T13:10:41.100, 395.91, 133.49, 390.09, 107.77
2025-09-22T13:10:41.117, 398.04, 136.36, 392.06, 109.90
2025-09-22T13:10:41.133, 400.63, 139.68, 394.00, 112.06
2025-09-22T13:10:41.150, 402.84, 142.63, 395.89, 114.25
2025-09-22T13:10:41.167, 404.62, 145.47, 397.76, 116.49
2025-09-22T13:10:41.183, 405.93, 147.77, 399.58, 118.73
2025-09-22T13:10:41.199, 407.71, 150.61, 401.26, 120.88
2025-09-22T13:10:41.216, 409.07, 153.34, 403.02, 123.19
2025-09-22T13:10:41.232, 410.32, 155.21, 404.72, 125.53
2025-09-22T13:10:41.250, 411.26, 157.09, 406.45, 127.98
2025-09-22T13:10:41.267, 412.11, 158.23, 408.12, 130.43
2025-09-22T13:10:41.283, 412.63, 158.75, 409.70, 132.84
2025-09-22T13:10:41.300, 412.89, 159.26, 411.26, 135.31
2025-09-22T13:10:41.317, 413.14, 159.78, 412.76, 137.78
2025-09-22T13:10:41.333, 413.40, 160.04, 414.23, 140.28
2025-09-22T13:10:41.350, 413.40, 160.54, 415.66, 142.81
2025-09-22T13:10:41.366, 413.66, 160.54, 417.04, 145.35
2025-09-22T13:10:41.383, 413.92, 160.78, 418.38, 147.92
2025-09-22T13:10:41.399, 413.92, 160.78, 419.68, 150.52
2025-09-22T13:10:41.416, 413.92, 161.02, 420.92, 153.12
2025-09-22T13:10:41.433, 413.92, 161.02, 420.92, 153.11
2025-09-22T13:10:41.450, 413.92, 161.02, 419.66, 150.49
2025-09-22T13:10:41.466, 413.92, 161.02, 418.36, 147.89
2025-09-22T13:10:41.483, 413.92, 161.02, 417.03, 145.33
2025-09-22T13:10:41.499, 413.92, 161.02, 415.65, 142.80
2025-09-22T13:10:41.516, 413.92, 161.02, 414.22, 140.27
2025-09-22T13:10:41.533, 413.92, 161.02, 412.75, 137.75
2025-09-22T13:10:41.550, 413.92, 160.78, 411.33, 135.41
2025-09-22T13:10:41.567, 413.92, 160.00, 409.70, 132.84
2025-09-22T13:10:41.583, 413.92, 159.73, 408.11, 130.41
2025-09-22T13:10:41.600, 413.92, 159.23, 406.48, 128.03
2025-09-22T13:10:41.617, 413.92, 158.98, 404.81, 125.65
2025-09-22T13:10:41.633, 413.92, 158.98, 403.10, 123.31
2025-09-22T13:10:41.650, 413.92, 158.48, 401.35, 120.99
2025-09-22T13:10:41.667, 413.63, 157.64, 399.56, 118.70
2025-09-22T13:10:41.682, 413.63, 157.38, 397.84, 116.58
2025-09-22T13:10:41.700, 408.54, 145.56, 395.88, 114.23
2025-09-22T13:10:41.717, 404.68, 136.91, 393.98, 112.04
2025-09-22T13:10:41.733, 398.47, 124.48, 392.05, 109.89
2025-09-22T13:10:41.750, 394.84, 117.61, 390.08, 107.76
2025-09-22T13:10:41.767, 391.30, 111.46, 388.07, 105.66
2025-09-22T13:10:41.783, 389.00, 107.23, 386.04, 103.61
2025-09-22T13:10:41.800, 387.57, 104.01, 383.96, 101.58
2025-09-22T13:10:41.817, 385.79, 101.17, 381.86, 99.60
2025-09-22T13:10:41.832, 383.99, 98.32, 379.81, 97.72
2025-09-22T13:10:41.850, 382.28, 95.93, 377.55, 95.73
2025-09-22T13:10:41.866, 380.63, 93.96, 375.34, 93.84
2025-09-22T13:10:41.883, 379.05, 92.39, 373.12, 92.00
2025-09-22T13:10:41.900, 378.22, 91.84, 370.84, 90.18
2025-09-22T13:10:41.917, 377.70, 91.31, 368.55, 88.42
2025-09-22T13:10:41.933, 377.43, 91.05, 366.22, 86.68
2025-09-22T13:10:41.950, 376.91, 91.05, 363.86, 84.99
2025-09-22T13:10:41.967, 376.07, 91.05, 361.49, 83.34
2025-09-22T13:10:41.983, 374.87, 91.05, 359.09, 81.73
2025-09-22T13:10:42.000, 373.36, 91.05, 356.66, 80.16
2025-09-22T13:10:42.017, 371.05, 91.05, 354.19, 78.62
2025-09-22T13:10:42.033, 367.72, 91.05, 351.70, 77.13
2025-09-22T13:10:42.050, 359.98, 91.05, 349.20, 75.69
2025-09-22T13:10:42.066, 354.99, 89.80, 346.66, 74.28
2025-09-22T13:10:42.083, 350.22, 87.81, 344.10, 72.91
2025-09-22T13:10:42.100, 344.07, 84.72, 341.53, 71.59
2025-09-22T13:10:42.117, 337.93, 81.63, 338.92, 70.31
2025-09-22T13:10:42.133, 333.53, 79.19, 336.30, 69.07
2025-09-22T13:10:42.150, 329.16, 76.41, 333.67, 67.89
2025-09-22T13:10:42.167, 326.20, 74.19, 331.00, 66.74
2025-09-22T13:10:42.183, 323.77, 72.45, 328.31, 65.63
2025-09-22T13:10:42.200, 321.89, 71.19, 325.61, 64.57
2025-09-22T13:10:42.217, 320.38, 69.99, 322.90, 63.56
2025-09-22T13:10:42.234, 318.49, 69.04, 320.17, 62.59
2025-09-22T13:10:42.250, 316.61, 67.79, 317.43, 61.68
2025-09-22T13:10:42.267, 314.30, 66.79, 314.66, 60.80
2025-09-22T13:10:42.284, 312.42, 66.15, 311.88, 59.97
2025-09-22T13:10:42.298, 311.48, 65.84, 309.23, 59.22
2025-09-22T13:10:42.317, 308.65, 65.20, 306.29, 58.45
2025-09-22T13:10:42.333, 306.34, 64.86, 303.47, 57.76
2025-09-22T13:10:42.350, 303.02, 64.14, 300.66, 57.12
2025-09-22T13:10:42.366, 300.71, 63.48, 297.81, 56.52
2025-09-22T13:10:42.383, 297.50, 62.77, 294.96, 55.97
2025-09-22T13:10:42.400, 294.76, 62.08, 292.10, 55.47
2025-09-22T13:10:42.416, 292.45, 61.74, 289.25, 55.02
2025-09-22T13:10:42.433, 290.57, 61.42, 286.39, 54.62
2025-09-22T13:10:42.450, 287.84, 61.42, 283.49, 54.26
2025-09-22T13:10:42.466, 283.61, 61.42, 280.62, 53.95
2025-09-22T13:10:42.483, 280.39, 61.08, 277.73, 53.69
2025-09-22T13:10:42.500, 276.16, 60.68, 274.83, 53.47
2025-09-22T13:10:42.517, 272.95, 59.96, 271.95, 53.31
2025-09-22T13:10:42.533, 270.64, 59.65, 269.05, 53.19
2025-09-22T13:10:42.550, 268.33, 59.33, 266.16, 53.12
2025-09-22T13:10:42.566, 266.02, 59.33, 263.24, 53.10
2025-09-22T13:10:42.583, 263.71, 59.02, 260.36, 53.13
2025-09-22T13:10:42.600, 258.54, 59.02, 257.45, 53.21
2025-09-22T13:10:42.616, 254.84, 59.02, 254.57, 53.33
2025-09-22T13:10:42.633, 251.63, 59.02, 251.67, 53.51
2025-09-22T13:10:42.650, 248.41, 59.02, 248.78, 53.73
2025-09-22T13:10:42.667, 244.72, 59.02, 245.88, 54.00
2025-09-22T13:10:42.683, 240.38, 59.02, 243.01, 54.31
2025-09-22T13:10:42.700, 235.02, 58.62, 240.13, 54.68
2025-09-22T13:10:42.717, 229.32, 58.62, 237.28, 55.09
2025-09-22T13:10:42.733, 225.57, 58.62, 234.41, 55.55
2025-09-22T13:10:42.750, 220.80, 58.62, 231.55, 56.06
2025-09-22T13:10:42.767, 217.11, 58.62, 228.72, 56.62
2025-09-22T13:10:42.783, 213.89, 58.62, 225.88, 57.22
2025-09-22T13:10:42.800, 210.68, 58.62, 223.05, 57.87
2025-09-22T13:10:42.816, 207.46, 58.62, 220.25, 58.57
2025-09-22T13:10:42.833, 204.25, 58.96, 217.44, 59.31
2025-09-22T13:10:42.850, 200.55, 59.69, 214.66, 60.10
2025-09-22T13:10:42.867, 197.34, 60.74, 211.88, 60.94
2025-09-22T13:10:42.883, 193.64, 62.21, 209.12, 61.83
2025-09-22T13:10:42.900, 190.43, 63.29, 206.36, 62.76
2025-09-22T13:10:42.917, 187.21, 64.71, 203.65, 63.73
2025-09-22T13:10:42.933, 184.48, 65.73, 200.93, 64.75
2025-09-22T13:10:42.950, 182.17, 66.38, 198.24, 65.81
2025-09-22T13:10:42.967, 180.29, 67.01, 195.56, 66.92
2025-09-22T13:10:42.983, 178.77, 67.61, 193.01, 68.03
2025-09-22T13:10:43.000, 177.26, 68.52, 190.25, 69.28
2025-09-22T13:10:43.017, 175.74, 69.43, 187.65, 70.52
2025-09-22T13:10:43.033, 173.86, 70.68, 185.04, 71.81
2025-09-22T13:10:43.049, 171.89, 72.32, 182.60, 73.07
2025-09-22T13:10:43.066, 169.92, 73.97, 180.04, 74.44
2025-09-22T13:10:43.082, 167.95, 75.62, 177.52, 75.84
2025-09-22T13:10:43.099, 165.98, 77.27, 175.02, 77.29
2025-09-22T13:10:43.117, 163.93, 79.32, 172.40, 78.87
2025-09-22T13:10:43.133, 161.42, 81.45, 169.93, 80.42
2025-09-22T13:10:43.150, 157.89, 84.60, 167.52, 81.99
2025-09-22T13:10:43.167, 155.75, 87.10, 165.11, 83.61
2025-09-22T13:10:43.183, 153.61, 89.60, 162.73, 85.27
2025-09-22T13:10:43.200, 152.41, 91.11, 160.39, 86.97
2025-09-22T13:10:43.216, 150.81, 92.70, 158.18, 88.62
2025-09-22T13:10:43.232, 149.95, 93.84, 155.90, 90.39
2025-09-22T13:10:43.249, 148.80, 94.98, 153.64, 92.20
2025-09-22T13:10:43.266, 147.96, 95.81, 151.41, 94.05
2025-09-22T13:10:43.283, 147.10, 96.95, 149.11, 96.02
2025-09-22T13:10:43.300, 145.89, 98.46, 146.93, 97.96
2025-09-22T13:10:43.317, 144.69, 99.96, 144.78, 99.94
2025-09-22T13:10:43.333, 143.49, 101.47, 142.68, 101.92
2025-09-22T13:10:43.350, 142.65, 102.30, 140.61, 103.96
2025-09-22T13:10:43.367, 142.13, 102.82, 138.59, 106.02
2025-09-22T13:10:43.383, 141.61, 103.07, 136.58, 108.12
2025-09-22T13:10:43.400, 141.36, 103.07, 134.63, 110.24
2025-09-22T13:10:43.416, 141.36, 103.07, 132.68, 112.42