timestamp, mouseX, mouseY, flowerX, flowerY
2025-09-22T13:07:06.213, 129.35, 115.27, 132.70, 112.41
2025-09-22T13:07:06.229, 129.35, 115.27, 134.62, 110.25
2025-09-22T13:07:06.246, 129.35, 115.27, 136.60, 108.11
2025-09-22T13:07:06.262, 129.35, 115.27, 138.48, 106.13
2025-09-22T13:07:06.279, 129.35, 115.27, 140.54, 104.03
2025-09-22T13:07:06.297, 129.35, 115.27, 142.70, 101.91
2025-09-22T13:07:06.313, 129.35, 115.27, 144.79, 99.92
2025-09-22T13:07:06.329, 129.35, 115.27, 146.94, 97.95
2025-09-22T13:07:06.346, 129.35, 115.27, 149.09, 96.04
2025-09-22T13:07:06.363, 129.35, 115.27, 151.29, 94.15
2025-09-22T13:07:06.380, 129.35, 115.27, 153.51, 92.31
2025-09-22T13:07:06.396, 129.35, 115.27, 155.79, 90.48
2025-09-22T13:07:06.413, 129.35, 115.27, 158.07, 88.71
2025-09-22T13:07:06.429, 129.35, 115.27, 160.39, 86.97
2025-09-22T13:07:06.446, 129.35, 115.27, 162.60, 85.37
2025-09-22T13:07:06.464, 129.35, 115.04, 165.11, 83.61
2025-09-22T13:07:06.479, 130.03, 113.09, 167.38, 82.08
2025-09-22T13:07:06.496, 132.16, 110.59, 169.82, 80.49
2025-09-22T13:07:06.513, 134.74, 107.63, 172.40, 78.87
2025-09-22T13:07:06.530, 138.98, 102.95, 174.89, 77.37
2025-09-22T13:07:06.546, 143.82, 97.68, 177.40, 75.91
2025-09-22T13:07:06.563, 150.54, 91.91, 179.92, 74.51
2025-09-22T13:07:06.580, 155.55, 88.53, 182.49, 73.12
2025-09-22T13:07:06.596, 161.89, 84.91, 185.06, 71.80
2025-09-22T13:07:06.613, 166.28, 82.46, 187.65, 70.52
2025-09-22T13:07:06.630, 168.58, 81.15, 190.25, 69.28
2025-09-22T13:07:06.647, 170.46, 80.52, 192.91, 68.07
2025-09-22T13:07:06.663, 171.60, 79.94, 195.56, 66.92
2025-09-22T13:07:06.680, 173.90, 78.63, 198.24, 65.81
2025-09-22T13:07:06.699, 178.12, 77.09, 200.94, 64.74
2025-09-22T13:07:06.713, 181.86, 75.61, 203.65, 63.73
2025-09-22T13:07:06.729, 186.62, 74.01, 206.23, 62.80
2025-09-22T13:07:06.746, 190.31, 72.90, 208.97, 61.87
2025-09-22T13:07:06.764, 192.61, 72.24, 211.75, 60.98
2025-09-22T13:07:06.780, 194.00, 71.66, 214.66, 60.10
2025-09-22T13:07:06.796, 195.14, 71.08, 217.46, 59.31
2025-09-22T13:07:06.812, 195.71, 70.79, 220.09, 58.61
2025-09-22T13:07:06.830, 198.95, 68.85, 223.03, 57.88
2025-09-22T13:07:06.847, 202.16, 67.43, 225.89, 57.22
2025-09-22T13:07:06.862, 204.00, 66.68, 228.56, 56.65
2025-09-22T13:07:06.879, 209.05, 64.15, 231.48, 56.08
2025-09-22T13:07:06.896, 212.74, 62.66, 234.41, 55.55
2025-09-22T13:07:06.913, 217.56, 61.07, 237.28, 55.09
2025-09-22T13:07:06.930, 222.91, 59.42, 240.15, 54.68
2025-09-22T13:07:06.946, 227.73, 57.77, 243.01, 54.31
2025-09-22T13:07:06.964, 233.41, 55.98, 245.90, 54.00
2025-09-22T13:07:06.980, 238.17, 54.79, 248.79, 53.73
2025-09-22T13:07:06.995, 241.86, 53.68, 251.52, 53.52
2025-09-22T13:07:07.013, 245.55, 52.93, 254.57, 53.33
2025-09-22T13:07:07.030, 249.23, 52.56, 257.47, 53.21
2025-09-22T13:07:07.047, 254.59, 51.74, 260.36, 53.13
2025-09-22T13:07:07.062, 258.33, 51.74, 263.10, 53.10
2025-09-22T13:07:07.079, 263.09, 51.74, 266.01, 53.12
2025-09-22T13:07:07.096, 266.77, 51.74, 269.05, 53.19
2025-09-22T13:07:07.113, 269.98, 51.74, 271.97, 53.31
2025-09-22T13:07:07.130, 272.71, 51.74, 274.85, 53.47
2025-09-22T13:07:07.146, 275.01, 51.74, 277.71, 53.68
2025-09-22T13:07:07.162, 277.31, 52.08, 280.47, 53.93
2025-09-22T13:07:07.179, 280.52, 52.79, 283.34, 54.24
2025-09-22T13:07:07.195, 283.72, 53.49, 286.22, 54.59
2025-09-22T13:07:07.213, 286.93, 54.57, 289.25, 55.02
2025-09-22T13:07:07.230, 290.62, 55.68, 292.12, 55.47
2025-09-22T13:07:07.245, 293.82, 57.09, 294.81, 55.94
2025-09-22T13:07:07.262, 296.55, 58.45, 297.66, 56.49
2025-09-22T13:07:07.280, 300.21, 60.44, 300.67, 57.12
2025-09-22T13:07:07.296, 301.69, 61.54, 303.32, 57.72
2025-09-22T13:07:07.313, 306.26, 63.64, 306.29, 58.45
2025-09-22T13:07:07.330, 309.47, 65.06, 309.08, 59.18
2025-09-22T13:07:07.347, 312.79, 66.90, 311.88, 59.97
2025-09-22T13:07:07.363, 317.13, 68.52, 314.66, 60.80
2025-09-22T13:07:07.380, 320.87, 70.38, 317.41, 61.67
2025-09-22T13:07:07.396, 325.68, 72.39, 320.17, 62.59
2025-09-22T13:07:07.413, 328.89, 73.81, 322.90, 63.56
2025-09-22T13:07:07.430, 333.11, 75.74, 325.61, 64.57
2025-09-22T13:07:07.446, 336.80, 77.58, 328.31, 65.63
2025-09-22T13:07:07.466, 340.01, 79.00, 331.00, 66.74
2025-09-22T13:07:07.479, 343.21, 80.42, 333.51, 67.82
2025-09-22T13:07:07.496, 345.09, 81.67, 336.30, 69.07
2025-09-22T13:07:07.513, 347.39, 82.63, 338.92, 70.31
2025-09-22T13:07:07.530, 349.27, 83.57, 341.53, 71.59
2025-09-22T13:07:07.546, 351.57, 84.88, 344.10, 72.91
2025-09-22T13:07:07.563, 353.87, 86.18, 346.66, 74.28
2025-09-22T13:07:07.580, 355.83, 87.52, 349.20, 75.69
2025-09-22T13:07:07.596, 356.97, 88.66, 351.70, 77.13
2025-09-22T13:07:07.612, 358.48, 89.54, 354.12, 78.58
2025-09-22T13:07:07.629, 359.62, 90.39, 356.52, 80.07
2025-09-22T13:07:07.645, 361.13, 91.59, 358.95, 81.64
2025-09-22T13:07:07.663, 362.27, 92.73, 361.49, 83.34
2025-09-22T13:07:07.680, 363.77, 93.93, 363.88, 85.00
2025-09-22T13:07:07.696, 365.28, 95.12, 366.24, 86.69
2025-09-22T13:07:07.713, 366.79, 96.03, 368.55, 88.42
2025-09-22T13:07:07.729, 368.30, 97.23, 370.78, 90.14
2025-09-22T13:07:07.746, 370.26, 98.88, 373.12, 92.00
2025-09-22T13:07:07.763, 373.72, 101.57, 375.33, 93.83
2025-09-22T13:07:07.780, 376.13, 103.30, 377.55, 95.73
2025-09-22T13:07:07.796, 379.09, 105.51, 379.72, 97.64
2025-09-22T13:07:07.813, 381.13, 107.55, 381.75, 99.49
2025-09-22T13:07:07.830, 383.80, 110.54, 383.96, 101.58
2025-09-22T13:07:07.847, 385.37, 112.10, 386.04, 103.61
2025-09-22T13:07:07.863, 387.41, 114.15, 388.08, 105.67
2025-09-22T13:07:07.880, 389.06, 116.11, 390.09, 107.77
2025-09-22T13:07:07.896, 390.66, 117.70, 392.05, 109.89
2025-09-22T13:07:07.913, 392.70, 119.75, 393.99, 112.05
2025-09-22T13:07:07.930, 394.27, 121.31, 395.89, 114.25
2025-09-22T13:07:07.946, 396.31, 123.36, 397.64, 116.34
2025-09-22T13:07:07.962, 397.93, 125.35, 399.47, 118.59
2025-09-22T13:07:07.979, 399.13, 126.86, 401.26, 120.88
2025-09-22T13:07:07.996, 400.01, 128.05, 403.01, 123.18
2025-09-22T13:07:08.013, 400.55, 128.88, 404.81, 125.65
2025-09-22T13:07:08.029, 401.09, 129.71, 406.39, 127.88
2025-09-22T13:07:08.047, 401.66, 130.90, 408.12, 130.43
2025-09-22T13:07:08.063, 402.23, 132.04, 409.70, 132.84
2025-09-22T13:07:08.080, 402.86, 133.92, 411.24, 135.28
2025-09-22T13:07:08.096, 403.71, 135.06, 412.69, 137.66
2025-09-22T13:07:08.113, 404.29, 136.20, 414.22, 140.27
2025-09-22T13:07:08.130, 404.86, 137.34, 415.65, 142.80
2025-09-22T13:07:08.146, 405.11, 138.17, 417.03, 145.33
2025-09-22T13:07:08.163, 405.40, 139.00, 418.37, 147.91
2025-09-22T13:07:08.179, 405.68, 140.14, 419.61, 150.38
2025-09-22T13:07:08.196, 405.94, 140.65, 420.92, 153.12
2025-09-22T13:07:08.213, 406.20, 141.17, 420.92, 153.12
2025-09-22T13:07:08.230, 406.20, 141.68, 419.67, 150.51
2025-09-22T13:07:08.246, 406.46, 141.94, 418.44, 148.05
2025-09-22T13:07:08.262, 406.46, 142.18, 417.11, 145.49
2025-09-22T13:07:08.279, 406.46, 142.18, 415.66, 142.81
2025-09-22T13:07:08.296, 406.46, 142.42, 414.22, 140.27
2025-09-22T13:07:08.312, 406.46, 142.42, 412.76, 137.78
2025-09-22T13:07:08.329, 406.69, 142.66, 411.25, 135.30
2025-09-22T13:07:08.346, 406.69, 142.66, 409.71, 132.86
2025-09-22T13:07:08.362, 406.69, 142.66, 408.12, 130.43
2025-09-22T13:07:08.380, 406.69, 142.89, 406.48, 128.03
2025-09-22T13:07:08.397, 406.93, 143.13, 404.82, 125.67
2025-09-22T13:07:08.413, 406.93, 143.64, 403.10, 123.31
2025-09-22T13:07:08.430, 407.19, 144.16, 401.37, 121.02
2025-09-22T13:07:08.446, 407.45, 144.68, 399.58, 118.73
2025-09-22T13:07:08.463, 407.45, 144.92, 397.75, 116.47
2025-09-22T13:07:08.480, 407.45, 144.92, 395.89, 114.25
2025-09-22T13:07:08.497, 407.45, 144.92, 393.99, 112.05
2025-09-22T13:07:08.516, 406.27, 144.60, 392.05, 109.89
2025-09-22T13:07:08.530, 404.21, 142.55, 390.09, 107.77
2025-09-22T13:07:08.546, 400.84, 139.18, 388.20, 105.80
2025-09-22T13:07:08.562, 390.86, 131.03, 386.16, 103.73
2025-09-22T13:07:08.580, 386.01, 126.18, 383.97, 101.59
2025-09-22T13:07:08.596, 381.16, 121.34, 381.99, 99.72
2025-09-22T13:07:08.613, 377.56, 117.73, 379.73, 97.65
2025-09-22T13:07:08.630, 375.34, 114.77, 377.55, 95.73
2025-09-22T13:07:08.646, 374.08, 112.89, 375.36, 93.85
2025-09-22T13:07:08.663, 372.82, 111.00, 373.12, 92.00
2025-09-22T13:07:08.680, 371.17, 109.04, 370.85, 90.19
2025-09-22T13:07:08.697, 369.43, 106.25, 368.56, 88.43
2025-09-22T13:07:08.713, 367.21, 103.29, 366.24, 86.69
2025-09-22T13:07:08.729, 365.42, 100.44, 364.02, 85.10
2025-09-22T13:07:08.745, 364.11, 98.13, 361.62, 83.43
2025-09-22T13:07:08.763, 363.19, 96.61, 359.08, 81.73
2025-09-22T13:07:08.780, 362.32, 95.46, 356.67, 80.17
2025-09-22T13:07:08.796, 361.75, 94.32, 354.20, 78.63
2025-09-22T13:07:08.813, 361.20, 93.74, 351.71, 77.14
2025-09-22T13:07:08.830, 360.67, 93.22, 349.20, 75.69
2025-09-22T13:07:08.846, 359.81, 92.36, 346.68, 74.28
2025-09-22T13:07:08.863, 358.97, 91.80, 344.11, 72.92
2025-09-22T13:07:08.880, 357.82, 90.66, 341.53, 71.59
2025-09-22T13:07:08.896, 356.31, 89.45, 338.94, 70.32
2025-09-22T13:07:08.913, 354.79, 88.56, 336.41, 69.12
2025-09-22T13:07:08.930, 353.07, 87.13, 333.67, 67.89
2025-09-22T13:07:08.946, 351.92, 86.26, 331.01, 66.74
2025-09-22T13:07:08.963, 350.77, 85.68, 328.33, 65.64
2025-09-22T13:07:08.980, 348.89, 84.74, 325.64, 64.58
2025-09-22T13:07:08.996, 346.58, 83.77, 322.90, 63.56
2025-09-22T13:07:09.012, 345.10, 82.66, 320.33, 62.65
2025-09-22T13:07:09.030, 339.98, 80.10, 317.45, 61.68
2025-09-22T13:07:09.047, 335.05, 77.20, 314.68, 60.80
2025-09-22T13:07:09.063, 328.25, 73.58, 311.90, 59.97
2025-09-22T13:07:09.080, 319.35, 69.11, 309.10, 59.19
2025-09-22T13:07:09.096, 313.34, 66.11, 306.34, 58.46
2025-09-22T13:07:09.113, 307.39, 63.55, 303.49, 57.76
2025-09-22T13:07:09.131, 302.62, 61.56, 300.66, 57.12
2025-09-22T13:07:09.145, 300.24, 61.16, 297.97, 56.55
2025-09-22T13:07:09.164, 293.03, 58.77, 294.98, 55.98
2025-09-22T13:07:09.180, 289.71, 57.75, 292.14, 55.48
2025-09-22T13:07:09.196, 286.49, 56.32, 289.25, 55.02
2025-09-22T13:07:09.213, 284.18, 55.66, 286.39, 54.62
2025-09-22T13:07:09.230, 282.24, 55.32, 283.51, 54.26
2025-09-22T13:07:09.246, 281.09, 55.03, 280.64, 53.95
2025-09-22T13:07:09.263, 279.95, 55.03, 277.80, 53.69
2025-09-22T13:07:09.280, 279.11, 54.77, 274.87, 53.47
2025-09-22T13:07:09.296, 278.27, 54.77, 271.97, 53.31
2025-09-22T13:07:09.313, 277.44, 54.77, 269.07, 53.19
2025-09-22T13:07:09.330, 276.91, 54.77, 266.16, 53.12
2025-09-22T13:07:09.346, 275.77, 54.77, 263.43, 53.10
2025-09-22T13:07:09.363, 273.88, 55.08, 260.37, 53.13
2025-09-22T13:07:09.380, 271.15, 55.42, 257.49, 53.21
2025-09-22T13:07:09.396, 268.41, 55.76, 254.67, 53.33
2025-09-22T13:07:09.413, 266.11, 55.76, 251.69, 53.50
2025-09-22T13:07:09.430, 263.80, 55.76, 248.79, 53.73
2025-09-22T13:07:09.447, 257.72, 56.49, 245.90, 54.00
2025-09-22T13:07:09.463, 253.49, 56.89, 243.03, 54.31
2025-09-22T13:07:09.478, 251.11, 57.28, 240.31, 54.66
2025-09-22T13:07:09.496, 245.56, 58.02, 237.29, 55.09
2025-09-22T13:07:09.513, 242.77, 58.70, 234.43, 55.55
2025-09-22T13:07:09.530, 240.46, 59.04, 231.58, 56.06
2025-09-22T13:07:09.546, 238.16, 59.38, 228.73, 56.61
2025-09-22T13:07:09.563, 235.85, 59.38, 226.01, 57.19
2025-09-22T13:07:09.580, 233.11, 59.71, 223.06, 57.87
2025-09-22T13:07:09.596, 230.38, 60.05, 220.26, 58.56
2025-09-22T13:07:09.613, 228.07, 60.05, 217.46, 59.31
2025-09-22T13:07:09.630, 226.19, 60.68, 214.66, 60.10
2025-09-22T13:07:09.647, 224.67, 60.68, 211.90, 60.94
2025-09-22T13:07:09.663, 222.79, 61.30, 209.13, 61.82
2025-09-22T13:07:09.680, 220.48, 61.62, 206.38, 62.75
2025-09-22T13:07:09.696, 217.27, 62.32, 203.66, 63.72
2025-09-22T13:07:09.713, 214.05, 62.66, 200.94, 64.74
2025-09-22T13:07:09.729, 210.84, 63.03, 198.24, 65.81
2025-09-22T13:07:09.746, 208.10, 63.71, 195.56, 66.92
2025-09-22T13:07:09.762, 204.35, 64.45, 193.01, 68.03
2025-09-22T13:07:09.780, 200.01, 65.97, 190.27, 69.27
2025-09-22T13:07:09.797, 195.24, 67.56, 187.66, 70.51
2025-09-22T13:07:09.812, 191.49, 68.69, 185.20, 71.73
2025-09-22T13:07:09.830, 186.73, 69.88, 182.49, 73.12
2025-09-22T13:07:09.846, 183.03, 71.36, 180.06, 74.43
2025-09-22T13:07:09.863, 179.34, 72.83, 177.40, 75.91
2025-09-22T13:07:09.879, 176.60, 74.19, 175.02, 77.29
2025-09-22T13:07:09.897, 173.11, 76.52, 172.40, 78.87
2025-09-22T13:07:09.913, 169.78, 78.73, 170.01, 80.37
2025-09-22T13:07:09.930, 166.93, 80.51, 167.52, 81.99
2025-09-22T13:07:09.946, 165.05, 81.76, 165.13, 83.60
2025-09-22T13:07:09.962, 163.90, 82.62, 162.87, 85.17
2025-09-22T13:07:09.980, 163.07, 83.16, 160.39, 86.97
2025-09-22T13:07:09.996, 162.52, 83.99, 158.07, 88.71
2025-09-22T13:07:10.014, 161.68, 85.39, 155.79, 90.48
2025-09-22T13:07:10.030, 160.84, 86.21, 153.54, 92.28
2025-09-22T13:07:10.045, 160.58, 86.47, 151.41, 94.05
2025-09-22T13:07:10.063, 159.45, 87.87, 149.10, 96.03
2025-09-22T13:07:10.080, 158.62, 88.70, 146.93, 97.96
2025-09-22T13:07:10.096, 157.02, 90.29, 144.90, 99.82
2025-09-22T13:07:10.114, 154.54, 92.45, 142.68, 101.92
2025-09-22T13:07:10.130, 152.03, 94.58, 140.64, 103.93
2025-09-22T13:07:10.146, 150.15, 95.83, 138.59, 106.02
2025-09-22T13:07:10.162, 148.27, 97.08, 136.70, 107.99
2025-09-22T13:07:10.180, 147.12, 97.93, 134.63, 110.24
2025-09-22T13:07:10.196, 145.72, 99.98, 132.71, 112.40
2025-09-22T13:07:10.213, 143.58, 102.48, 132.70, 112.41
2025-09-22T13:07:10.230, 140.96, 105.49, 134.63, 110.24
2025-09-22T13:07:10.245, 137.89, 108.95, 136.49, 108.22
2025-09-22T13:07:10.262, 135.30, 111.53, 138.48, 106.13
2025-09-22T13:07:10.279, 132.34, 113.74, 140.63, 103.95
2025-09-22T13:07:10.296, 129.84, 115.87, 142.70, 101.91
2025-09-22T13:07:10.312, 127.53, 117.18, 144.68, 100.03
2025-09-22T13:07:10.330, 126.01, 118.09, 146.92, 97.97
2025-09-22T13:07:10.346, 124.50, 118.68, 149.10, 96.03
2025-09-22T13:07:10.363, 123.66, 119.23, 151.29, 94.15
2025-09-22T13:07:10.380, 122.82, 119.48, 153.51, 92.31
2025-09-22T13:07:10.396, 122.30, 119.74, 155.79, 90.48
2025-09-22T13:07:10.412, 121.78, 120.26, 157.96, 88.79
2025-09-22T13:07:10.430, 121.52, 120.52, 160.39, 86.97
2025-09-22T13:07:10.446, 121.25, 120.52, 162.73, 85.27
2025-09-22T13:07:10.462, 121.25, 120.52, 165.11, 83.61
2025-09-22T13:07:10.480, 121.25, 120.03, 167.51, 82.00
2025-09-22T13:07:10.497, 123.21, 118.38, 169.94, 80.42
2025-09-22T13:07:10.513, 128.31, 114.97, 172.40, 78.87
2025-09-22T13:07:10.530, 136.05, 109.65, 174.89, 77.37
2025-09-22T13:07:10.547, 144.69, 103.54, 177.38, 75.92
2025-09-22T13:07:10.565, 151.11, 99.38, 179.93, 74.50
2025-09-22T13:07:10.581, 159.57, 92.66, 182.48, 73.13
2025-09-22T13:07:10.596, 165.28, 88.69, 185.06, 71.80
2025-09-22T13:07:10.613, 169.50, 86.39, 187.66, 70.51
2025-09-22T13:07:10.630, 176.29, 83.67, 190.25, 69.28
2025-09-22T13:07:10.646, 181.11, 81.65, 192.90, 68.08
2025-09-22T13:07:10.663, 187.05, 79.10, 195.56, 66.92
2025-09-22T13:07:10.680, 191.28, 77.19, 198.24, 65.81
2025-09-22T13:07:10.696, 194.48, 75.40, 200.94, 64.74
2025-09-22T13:07:10.713, 197.80, 73.55, 203.65, 63.73
2025-09-22T13:07:10.730, 200.64, 71.75, 206.38, 62.75
2025-09-22T13:07:10.747, 203.06, 70.02, 209.13, 61.82
2025-09-22T13:07:10.762, 205.93, 67.88, 211.72, 60.99
2025-09-22T13:07:10.779, 208.77, 66.09, 214.51, 60.15
2025-09-22T13:07:10.796, 211.72, 63.87, 217.44, 59.31
2025-09-22T13:07:10.813, 214.22, 61.73, 220.25, 58.57
2025-09-22T13:07:10.830, 217.06, 59.94, 223.05, 57.87
2025-09-22T13:07:10.847, 219.79, 58.57, 225.89, 57.22
2025-09-22T13:07:10.863, 222.51, 57.20, 228.73, 56.61
2025-09-22T13:07:10.880, 225.24, 56.52, 231.55, 56.06
2025-09-22T13:07:10.896, 227.11, 55.57, 234.41, 55.55
2025-09-22T13:07:10.913, 228.99, 54.94, 237.28, 55.09
2025-09-22T13:07:10.929, 230.50, 54.33, 240.15, 54.68
2025-09-22T13:07:10.946, 232.00, 53.73, 242.93, 54.32
2025-09-22T13:07:10.962, 234.30, 53.07, 245.76, 54.01
2025-09-22T13:07:10.980, 237.51, 52.35, 248.79, 53.73
2025-09-22T13:07:10.996, 240.72, 52.01, 251.52, 53.52
2025-09-22T13:07:11.013, 243.93, 51.64, 254.57, 53.33
2025-09-22T13:07:11.029, 247.13, 51.27, 257.38, 53.21
2025-09-22T13:07:11.046, 249.43, 51.27, 260.29, 53.13
2025-09-22T13:07:11.063, 251.73, 51.27, 263.26, 53.10
2025-09-22T13:07:11.080, 254.94, 51.27, 266.16, 53.12
2025-09-22T13:07:11.097, 258.63, 51.27, 269.07, 53.19
2025-09-22T13:07:11.113, 261.84, 51.27, 271.95, 53.31
2025-09-22T13:07:11.130, 267.37, 51.27, 274.85, 53.47
2025-09-22T13:07:11.146, 270.09, 51.95, 277.75, 53.69
2025-09-22T13:07:11.163, 272.82, 52.63, 280.62, 53.95
2025-09-22T13:07:11.180, 275.12, 53.28, 283.51, 54.26
2025-09-22T13:07:11.197, 277.85, 54.30, 286.39, 54.62
2025-09-22T13:07:11.213, 282.07, 55.83, 289.27, 55.02
2025-09-22T13:07:11.230, 285.81, 57.30, 292.12, 55.47
2025-09-22T13:07:11.246, 288.54, 58.66, 294.98, 55.98
2025-09-22T13:07:11.264, 293.07, 60.81, 297.81, 56.52
2025-09-22T13:07:11.280, 295.91, 62.59, 300.66, 57.12
2025-09-22T13:07:11.296, 299.12, 64.38, 303.47, 57.76
2025-09-22T13:07:11.313, 302.44, 66.59, 306.29, 58.45
2025-09-22T13:07:11.330, 305.64, 68.38, 309.10, 59.19
2025-09-22T13:07:11.346, 308.96, 70.59, 311.90, 59.97
2025-09-22T13:07:11.364, 312.65, 72.80, 314.66, 60.80
2025-09-22T13:07:11.379, 315.97, 74.64, 317.43, 61.68
2025-09-22T13:07:11.396, 318.93, 76.85, 320.17, 62.59
2025-09-22T13:07:11.413, 322.13, 78.27, 322.92, 63.57
2025-09-22T13:07:11.430, 324.55, 80.00, 325.63, 64.58
2025-09-22T13:07:11.447, 327.27, 81.36, 328.33, 65.64
2025-09-22T13:07:11.463, 329.15, 82.61, 331.00, 66.74
2025-09-22T13:07:11.480, 331.02, 83.86, 333.68, 67.89
2025-09-22T13:07:11.497, 332.90, 84.80, 336.31, 69.08
2025-09-22T13:07:11.513, 334.77, 85.73, 338.92, 70.31
2025-09-22T13:07:11.529, 336.65, 86.67, 341.53, 71.59
2025-09-22T13:07:11.546, 337.79, 87.24, 344.10, 72.91
2025-09-22T13:07:11.563, 339.30, 87.84, 346.66, 74.28
2025-09-22T13:07:11.580, 340.49, 88.41, 349.18, 75.68
2025-09-22T13:07:11.596, 341.63, 88.98, 351.71, 77.14
2025-09-22T13:07:11.613, 343.51, 89.61, 354.19, 78.62
2025-09-22T13:07:11.630, 345.38, 90.23, 356.66, 80.16
2025-09-22T13:07:11.646, 348.20, 90.86, 359.08, 81.73
2025-09-22T13:07:11.663, 349.70, 91.17, 361.49, 83.34
2025-09-22T13:07:11.680, 351.21, 91.45, 363.88, 85.00
2025-09-22T13:07:11.696, 352.35, 92.02, 366.24, 86.69
2025-09-22T13:07:11.713, 353.86, 92.31, 368.55, 88.42
2025-09-22T13:07:11.730, 355.73, 92.93, 370.84, 90.18
2025-09-22T13:07:11.746, 358.04, 93.59, 373.12, 92.00
2025-09-22T13:07:11.763, 360.34, 94.89, 375.34, 93.84
2025-09-22T13:07:11.780, 363.54, 96.34, 377.55, 95.73
2025-09-22T13:07:11.796, 366.32, 97.39, 379.72, 97.64
2025-09-22T13:07:11.813, 370.07, 99.25, 381.86, 99.60
2025-09-22T13:07:11.830, 374.40, 101.21, 383.97, 101.59
2025-09-22T13:07:11.846, 377.18, 102.94, 386.05, 103.62
2025-09-22T13:07:11.863, 381.09, 104.84, 388.09, 105.69
2025-09-22T13:07:11.880, 386.11, 108.20, 390.09, 107.77
2025-09-22T13:07:11.896, 388.89, 109.93, 392.05, 109.89
2025-09-22T13:07:11.913, 392.21, 112.14, 393.99, 112.05
2025-09-22T13:07:11.929, 394.51, 113.45, 395.89, 114.25
2025-09-22T13:07:11.946, 396.02, 114.64, 397.75, 116.47
2025-09-22T13:07:11.963, 397.52, 115.84, 399.57, 118.72
2025-09-22T13:07:11.980, 398.66, 116.70, 401.26, 120.88
2025-09-22T13:07:11.996, 399.49, 117.52, 403.10, 123.31
2025-09-22T13:07:12.013, 400.32, 118.35, 404.81, 125.65
2025-09-22T13:07:12.030, 401.46, 119.49, 406.48, 128.03
2025-09-22T13:07:12.047, 403.11, 121.45, 408.11, 130.41
2025-09-22T13:07:12.063, 405.69, 124.77, 409.71, 132.86
2025-09-22T13:07:12.080, 407.00, 127.07, 411.26, 135.31
2025-09-22T13:07:12.096, 408.78, 129.91, 412.76, 137.78
2025-09-22T13:07:12.113, 409.72, 131.79, 414.23, 140.28
2025-09-22T13:07:12.130, 410.29, 132.93, 415.65, 142.80
2025-09-22T13:07:12.146, 410.83, 133.76, 417.04, 145.35
2025-09-22T13:07:12.163, 411.09, 134.27, 418.37, 147.91
2025-09-22T13:07:12.179, 411.09, 134.27, 419.67, 150.51
2025-09-22T13:07:12.196, 411.09, 134.27, 420.92, 153.11
2025-09-22T13:07:12.212, 411.09, 134.51, 420.99, 153.27
2025-09-22T13:07:12.229, 411.09, 134.51, 419.67, 150.51
2025-09-22T13:07:12.246, 411.09, 134.51, 418.37, 147.91
2025-09-22T13:07:12.263, 411.09, 134.51, 417.04, 145.36
2025-09-22T13:07:12.279, 411.09, 134.51, 415.64, 142.78
2025-09-22T13:07:12.297, 411.09, 134.98, 414.23, 140.28
2025-09-22T13:07:12.313, 411.09, 135.81, 412.76, 137.78
2025-09-22T13:07:12.330, 411.09, 136.95, 411.26, 135.31
2025-09-22T13:07:12.346, 411.09, 138.46, 409.71, 132.86
2025-09-22T13:07:12.363, 411.09, 139.96, 408.12, 130.43
2025-09-22T13:07:12.380, 411.09, 141.47, 406.48, 128.03
2025-09-22T13:07:12.397, 411.09, 142.61, 404.81, 125.65
2025-09-22T13:07:12.413, 411.09, 143.75, 403.11, 123.32
2025-09-22T13:07:12.430, 411.38, 144.89, 401.36, 121.00
2025-09-22T13:07:12.446, 411.38, 146.04, 399.57, 118.72
2025-09-22T13:07:12.463, 411.38, 146.86, 397.75, 116.47
2025-09-22T13:07:12.480, 411.38, 147.38, 395.89, 114.25
2025-09-22T13:07:12.496, 411.38, 147.64, 393.99, 112.05
2025-09-22T13:07:12.512, 411.38, 147.64, 392.06, 109.90
2025-09-22T13:07:12.530, 411.14, 147.64, 390.09, 107.77
2025-09-22T13:07:12.546, 409.88, 145.75, 388.08, 105.67
2025-09-22T13:07:12.563, 406.02, 140.59, 386.05, 103.62
2025-09-22T13:07:12.580, 400.87, 134.05, 383.98, 101.60
2025-09-22T13:07:12.596, 397.16, 129.52, 381.86, 99.60
2025-09-22T13:07:12.613, 392.48, 123.96, 379.73, 97.65
2025-09-22T13:07:12.630, 388.01, 118.61, 377.55, 95.73
2025-09-22T13:07:12.646, 385.50, 116.10, 375.34, 93.84
2025-09-22T13:07:12.663, 381.25, 111.43, 373.12, 92.00
2025-09-22T13:07:12.680, 377.14, 107.71, 370.85, 90.19
2025-09-22T13:07:12.696, 371.87, 102.87, 368.56, 88.43
2025-09-22T13:07:12.713, 366.77, 98.62, 366.22, 86.68
2025-09-22T13:07:12.731, 363.16, 95.38, 363.89, 85.01
2025-09-22T13:07:12.747, 358.21, 91.20, 361.49, 83.34
2025-09-22T13:07:12.763, 356.55, 89.23, 359.09, 81.73
2025-09-22T13:07:12.780, 355.32, 88.03, 356.66, 80.16
2025-09-22T13:07:12.796, 354.18, 87.17, 354.19, 78.62
2025-09-22T13:07:12.813, 353.34, 86.62, 351.71, 77.14
2025-09-22T13:07:12.830, 352.48, 85.75, 349.20, 75.69
2025-09-22T13:07:12.846, 350.96, 85.15, 346.68, 74.28
2025-09-22T13:07:12.863, 349.45, 83.95, 344.10, 72.91
2025-09-22T13:07:12.879, 347.93, 83.03, 341.53, 71.59
2025-09-22T13:07:12.896, 346.78, 82.16, 338.92, 70.31
2025-09-22T13:07:12.913, 345.63, 81.30, 336.31, 69.08
2025-09-22T13:07:12.930, 343.75, 80.67, 333.67, 67.89
2025-09-22T13:07:12.947, 342.23, 79.75, 331.01, 66.74
2025-09-22T13:07:12.963, 340.35, 79.12, 328.31, 65.63
2025-09-22T13:07:12.980, 338.47, 78.48, 325.63, 64.58
2025-09-22T13:07:12.997, 335.25, 77.77, 322.90, 63.56
2025-09-22T13:07:13.013, 331.02, 76.63, 320.18, 62.60
2025-09-22T13:07:13.030, 325.07, 74.93, 317.43, 61.68
2025-09-22T13:07:13.046, 318.62, 73.05, 314.66, 60.80
2025-09-22T13:07:13.063, 312.66, 70.50, 311.90, 59.97
2025-09-22T13:07:13.080, 305.41, 67.78, 309.10, 59.19
2025-09-22T13:07:13.096, 298.81, 65.14, 306.31, 58.45
2025-09-22T13:07:13.113, 293.99, 62.76, 303.49, 57.76
2025-09-22T13:07:13.130, 289.59, 60.31, 300.67, 57.12
2025-09-22T13:07:13.146, 286.26, 58.09, 297.81, 56.52
2025-09-22T13:07:13.163, 283.95, 57.12, 294.98, 55.98
2025-09-22T13:07:13.179, 282.07, 56.18, 292.20, 55.49
2025-09-22T13:07:13.197, 280.92, 55.60, 289.25, 55.02
2025-09-22T13:07:13.213, 279.77, 55.31, 286.39, 54.62
2025-09-22T13:07:13.230, 278.63, 55.02, 283.51, 54.26
2025-09-22T13:07:13.246, 277.11, 54.70, 280.62, 53.95
2025-09-22T13:07:13.263, 275.96, 54.70, 277.75, 53.69
2025-09-22T13:07:13.280, 274.81, 54.41, 274.85, 53.47
2025-09-22T13:07:13.296, 273.71, 54.15, 271.95, 53.31
2025-09-22T13:07:13.313, 272.88, 53.86, 269.07, 53.19
2025-09-22T13:07:13.330, 272.04, 53.57, 266.17, 53.12
2025-09-22T13:07:13.346, 271.21, 53.57, 263.28, 53.10
2025-09-22T13:07:13.363, 269.69, 53.57, 260.37, 53.13
2025-09-22T13:07:13.380, 267.81, 53.57, 257.47, 53.21
2025-09-22T13:07:13.396, 265.50, 53.57, 254.57, 53.33
2025-09-22T13:07:13.413, 262.77, 53.57, 251.69, 53.50
2025-09-22T13:07:13.429, 259.55, 53.57, 248.81, 53.72
2025-09-22T13:07:13.446, 254.79, 53.57, 245.90, 54.00
2025-09-22T13:07:13.463, 249.43, 53.57, 243.03, 54.31
2025-09-22T13:07:13.480, 242.18, 54.93, 240.15, 54.68
2025-09-22T13:07:13.496, 237.35, 56.14, 237.29, 55.09
2025-09-22T13:07:13.513, 231.40, 57.41, 234.43, 55.55
2025-09-22T13:07:13.530, 227.17, 58.54, 231.57, 56.06
2025-09-22T13:07:13.547, 223.95, 59.62, 228.72, 56.62
2025-09-22T13:07:13.563, 221.22, 60.30, 225.89, 57.22
2025-09-22T13:07:13.580, 218.48, 61.32, 223.06, 57.87
2025-09-22T13:07:13.596, 214.25, 62.08, 220.25, 58.57
2025-09-22T13:07:13.613, 211.46, 62.76, 217.46, 59.31
2025-09-22T13:07:13.630, 207.77, 63.50, 214.66, 60.10
2025-09-22T13:07:13.646, 205.46, 64.15, 211.90, 60.94
2025-09-22T13:07:13.663, 203.52, 64.77, 209.13, 61.82
2025-09-22T13:07:13.680, 202.00, 65.37, 206.38, 62.75
2025-09-22T13:07:13.696, 200.12, 66.00, 203.66, 63.72
2025-09-22T13:07:13.713, 198.24, 67.25, 200.94, 64.74
2025-09-22T13:07:13.730, 195.50, 68.61, 198.24, 65.81
2025-09-22T13:07:13.746, 192.18, 70.45, 195.56, 66.92
2025-09-22T13:07:13.763, 189.44, 71.81, 192.91, 68.07
2025-09-22T13:07:13.780, 186.71, 73.17, 190.27, 69.27
2025-09-22T13:07:13.797, 183.97, 74.19, 187.65, 70.52
2025-09-22T13:07:13.813, 181.66, 75.49, 185.06, 71.80
2025-09-22T13:07:13.830, 179.36, 76.46, 182.48, 73.13
2025-09-22T13:07:13.846, 176.11, 78.07, 179.93, 74.50
2025-09-22T13:07:13.863, 173.80, 79.04, 177.40, 75.91
2025-09-22T13:07:13.880, 171.91, 79.98, 174.89, 77.37
2025-09-22T13:07:13.896, 169.61, 81.28, 172.42, 78.86
2025-09-22T13:07:13.913, 167.18, 83.01, 169.96, 80.41
2025-09-22T13:07:13.930, 164.34, 84.80, 167.52, 81.99
2025-09-22T13:07:13.946, 162.03, 86.10, 165.13, 83.60
2025-09-22T13:07:13.963, 159.63, 87.80, 162.75, 85.26
2025-09-22T13:07:13.980, 157.32, 89.11, 160.39, 86.97
2025-09-22T13:07:13.998, 155.02, 90.41, 158.07, 88.71
2025-09-22T13:07:14.013, 152.71, 91.72, 155.77, 90.49
2025-09-22T13:07:14.030, 150.40, 93.02, 153.52, 92.29
2025-09-22T13:07:14.047, 148.09, 94.33, 151.30, 94.14
2025-09-22T13:07:14.063, 146.52, 95.89, 149.10, 96.03
2025-09-22T13:07:14.080, 145.00, 97.09, 146.93, 97.96
2025-09-22T13:07:14.097, 143.86, 98.23, 144.79, 99.92
2025-09-22T13:07:14.113, 142.25, 99.82, 142.70, 101.91
2025-09-22T13:07:14.130, 140.60, 101.78, 140.63, 103.95
2025-09-22T13:07:14.146, 138.94, 103.74, 138.59, 106.02
2025-09-22T13:07:14.163, 137.29, 105.70, 136.60, 108.11
2025-09-22T13:07:14.180, 135.63, 107.66, 134.63, 110.24
2025-09-22T13:07:14.197, 134.37, 109.23, 132.70, 112.41