timestamp, mouseX, mouseY, flowerX, flowerY
2025-09-22T13:11:48.149, 131.55, 109.51, 133.74, 111.23
2025-09-22T13:11:48.166, 131.55, 109.51, 137.87, 106.76
2025-09-22T13:11:48.183, 131.55, 109.51, 142.15, 102.44
2025-09-22T13:11:48.199, 131.55, 109.51, 146.56, 98.30
2025-09-22T13:11:48.216, 131.55, 109.51, 151.13, 94.29
2025-09-22T13:11:48.232, 131.55, 109.51, 155.81, 90.46
2025-09-22T13:11:48.248, 131.55, 109.51, 160.47, 86.91
2025-09-22T13:11:48.266, 131.55, 109.51, 165.62, 83.27
2025-09-22T13:11:48.283, 131.55, 109.51, 170.67, 79.95
2025-09-22T13:11:48.299, 131.55, 109.51, 175.87, 76.80
2025-09-22T13:11:48.317, 131.55, 109.51, 181.18, 73.82
2025-09-22T13:11:48.332, 131.55, 109.51, 186.55, 71.05
2025-09-22T13:11:48.351, 132.71, 108.58, 192.05, 68.46
2025-09-22T13:11:48.367, 140.40, 103.20, 197.64, 66.06
2025-09-22T13:11:48.383, 152.87, 95.84, 203.27, 63.87
2025-09-22T13:11:48.400, 166.49, 86.95, 209.01, 61.86
2025-09-22T13:11:48.417, 182.02, 76.96, 214.82, 60.05
2025-09-22T13:11:48.433, 192.38, 70.41, 220.65, 58.46
2025-09-22T13:11:48.450, 206.29, 64.62, 226.57, 57.07
2025-09-22T13:11:48.466, 217.57, 59.76, 232.50, 55.89
2025-09-22T13:11:48.483, 224.50, 57.86, 238.51, 54.91
2025-09-22T13:11:48.500, 231.70, 56.24, 244.54, 54.14
2025-09-22T13:11:48.516, 233.63, 55.95, 250.60, 53.58
2025-09-22T13:11:48.533, 234.77, 55.95, 256.63, 53.24
2025-09-22T13:11:48.549, 235.29, 55.95, 262.38, 53.11
2025-09-22T13:11:48.566, 235.54, 55.95, 268.76, 53.18
2025-09-22T13:11:48.583, 235.78, 55.95, 274.83, 53.47
2025-09-22T13:11:48.599, 236.30, 55.95, 280.89, 53.97
2025-09-22T13:11:48.616, 237.13, 55.95, 286.57, 54.64
2025-09-22T13:11:48.635, 240.33, 55.95, 292.94, 55.61
2025-09-22T13:11:48.651, 246.28, 56.37, 298.88, 56.74
2025-09-22T13:11:48.668, 254.98, 56.82, 304.82, 58.08
2025-09-22T13:11:48.683, 265.14, 57.84, 310.66, 59.62
2025-09-22T13:11:48.700, 276.94, 58.91, 316.45, 61.36
2025-09-22T13:11:48.716, 288.74, 59.98, 322.21, 63.31
2025-09-22T13:11:48.733, 299.72, 61.02, 327.90, 65.47
2025-09-22T13:11:48.750, 309.13, 62.52, 333.51, 67.82
2025-09-22T13:11:48.767, 318.53, 64.01, 339.03, 70.36
2025-09-22T13:11:48.783, 327.18, 65.93, 344.43, 73.08
2025-09-22T13:11:48.800, 334.42, 68.64, 349.80, 76.03
2025-09-22T13:11:48.817, 342.37, 71.89, 354.99, 79.12
2025-09-22T13:11:48.833, 349.83, 76.11, 360.11, 82.41
2025-09-22T13:11:48.849, 357.30, 80.32, 365.08, 85.85
2025-09-22T13:11:48.866, 363.63, 84.84, 369.95, 89.49
2025-09-22T13:11:48.883, 369.18, 89.50, 374.66, 93.27
2025-09-22T13:11:48.900, 373.84, 94.17, 379.27, 97.24
2025-09-22T13:11:48.916, 377.66, 98.84, 383.71, 101.35
2025-09-22T13:11:48.933, 381.06, 103.93, 388.03, 105.63
2025-09-22T13:11:48.949, 383.02, 108.27, 391.96, 109.79
2025-09-22T13:11:48.967, 385.16, 114.27, 396.21, 114.63
2025-09-22T13:11:48.983, 385.93, 118.49, 400.04, 119.31
2025-09-22T13:11:48.999, 386.74, 123.84, 403.53, 123.88
2025-09-22T13:11:49.017, 387.14, 130.98, 407.23, 129.12
2025-09-22T13:11:49.034, 387.50, 134.67, 410.55, 134.17
2025-09-22T13:11:49.050, 387.50, 138.89, 413.70, 139.37
2025-09-22T13:11:49.065, 387.50, 140.25, 416.50, 144.36
2025-09-22T13:11:49.083, 388.55, 144.82, 419.46, 150.08
2025-09-22T13:11:49.100, 389.26, 148.03, 422.04, 155.55
2025-09-22T13:11:49.116, 389.96, 151.24, 424.44, 161.14
2025-09-22T13:11:49.133, 391.75, 154.08, 426.63, 166.77
2025-09-22T13:11:49.150, 393.17, 157.29, 428.64, 172.51
2025-09-22T13:11:49.166, 395.97, 161.31, 430.45, 178.32
2025-09-22T13:11:49.183, 398.41, 165.41, 432.04, 184.15
2025-09-22T13:11:49.200, 401.69, 169.95, 433.43, 190.07
2025-09-22T13:11:49.216, 405.62, 175.66, 434.61, 196.00
2025-09-22T13:11:49.233, 409.78, 181.71, 435.60, 202.04
2025-09-22T13:11:49.250, 413.29, 187.03, 436.36, 208.08
2025-09-22T13:11:49.266, 414.56, 190.00, 436.89, 213.77
2025-09-22T13:11:49.283, 417.92, 198.98, 437.25, 219.80
2025-09-22T13:11:49.300, 420.72, 206.92, 437.40, 226.18
2025-09-22T13:11:49.315, 423.20, 216.33, 437.33, 231.97
2025-09-22T13:11:49.332, 425.80, 227.31, 437.05, 238.00
2025-09-22T13:11:49.350, 427.35, 238.29, 436.53, 244.39
2025-09-22T13:11:49.366, 428.36, 248.45, 435.82, 250.40
2025-09-22T13:11:49.383, 428.36, 257.86, 434.89, 256.41
2025-09-22T13:11:49.400, 428.36, 267.26, 433.76, 262.38
2025-09-22T13:11:49.416, 427.96, 273.26, 432.43, 268.28
2025-09-22T13:11:49.433, 426.69, 279.21, 430.88, 274.16
2025-09-22T13:11:49.450, 424.45, 285.91, 429.13, 279.99
2025-09-22T13:11:49.465, 423.30, 289.65, 427.30, 285.40
2025-09-22T13:11:49.482, 421.20, 295.12, 425.15, 291.10
2025-09-22T13:11:49.500, 419.55, 300.47, 422.68, 297.01
2025-09-22T13:11:49.516, 417.91, 305.82, 420.28, 302.24
2025-09-22T13:11:49.532, 416.74, 310.04, 417.57, 307.64
2025-09-22T13:11:49.549, 414.75, 314.80, 414.51, 313.23
2025-09-22T13:11:49.566, 413.07, 319.36, 411.38, 318.49
2025-09-22T13:11:49.583, 410.29, 326.19, 408.11, 323.58
2025-09-22T13:11:49.600, 409.18, 329.88, 404.65, 328.58
2025-09-22T13:11:49.617, 407.69, 333.56, 401.01, 333.45
2025-09-22T13:11:49.633, 405.82, 337.30, 397.23, 338.16
2025-09-22T13:11:49.650, 403.68, 339.80, 393.26, 342.77
2025-09-22T13:11:49.666, 399.57, 343.93, 389.13, 347.24
2025-09-22T13:11:49.683, 394.47, 347.75, 384.87, 351.53
2025-09-22T13:11:49.700, 388.29, 351.26, 380.44, 355.70
2025-09-22T13:11:49.715, 385.12, 353.52, 376.12, 359.50
2025-09-22T13:11:49.732, 372.62, 359.77, 371.45, 363.34
2025-09-22T13:11:49.750, 364.41, 364.11, 366.35, 367.22
2025-09-22T13:11:49.766, 358.94, 366.21, 361.41, 370.71
2025-09-22T13:11:49.783, 350.60, 370.16, 356.33, 374.05
2025-09-22T13:11:49.800, 344.64, 372.28, 351.13, 377.20
2025-09-22T13:11:49.815, 341.67, 373.55, 346.14, 380.00
2025-09-22T13:11:49.832, 332.09, 377.03, 340.74, 382.80
2025-09-22T13:11:49.850, 325.49, 379.23, 334.95, 385.54
2025-09-22T13:11:49.866, 319.54, 381.36, 329.36, 387.94
2025-09-22T13:11:49.883, 314.54, 383.39, 323.73, 390.13
2025-09-22T13:11:49.900, 309.18, 385.03, 318.02, 392.13
2025-09-22T13:11:49.916, 302.58, 387.23, 312.21, 393.93
2025-09-22T13:11:49.933, 296.63, 388.93, 306.35, 395.54
2025-09-22T13:11:49.949, 290.03, 390.68, 300.43, 396.93
2025-09-22T13:11:49.966, 280.61, 392.66, 294.50, 398.11
2025-09-22T13:11:49.983, 270.44, 395.20, 288.46, 399.10
2025-09-22T13:11:50.000, 260.21, 396.69, 282.50, 399.86
2025-09-22T13:11:50.016, 254.74, 397.51, 276.40, 400.42
2025-09-22T13:11:50.033, 249.38, 398.32, 270.33, 400.76
2025-09-22T13:11:50.050, 243.91, 398.32, 264.29, 400.90
2025-09-22T13:11:50.066, 237.95, 398.32, 258.24, 400.82
2025-09-22T13:11:50.083, 225.92, 397.73, 252.17, 400.53
2025-09-22T13:11:50.100, 216.39, 397.19, 246.14, 400.03
2025-09-22T13:11:50.116, 208.33, 396.25, 240.07, 399.31
2025-09-22T13:11:50.132, 201.03, 395.77, 234.41, 398.45
2025-09-22T13:11:50.150, 191.45, 394.01, 228.12, 397.26
2025-09-22T13:11:50.167, 186.09, 392.36, 222.18, 395.92
2025-09-22T13:11:50.183, 179.94, 389.27, 216.30, 394.37
2025-09-22T13:11:50.200, 175.71, 387.34, 210.51, 392.63
2025-09-22T13:11:50.217, 171.48, 385.41, 204.75, 390.67
2025-09-22T13:11:50.233, 169.17, 384.41, 199.10, 388.53
2025-09-22T13:11:50.249, 167.66, 383.49, 193.49, 386.18
2025-09-22T13:11:50.266, 166.82, 382.94, 188.00, 383.65
2025-09-22T13:11:50.283, 166.27, 382.10, 182.57, 380.92
2025-09-22T13:11:50.298, 165.70, 381.81, 177.52, 378.15
2025-09-22T13:11:50.316, 162.16, 378.59, 172.04, 374.90
2025-09-22T13:11:50.333, 158.05, 374.88, 166.92, 371.61
2025-09-22T13:11:50.350, 152.95, 371.05, 161.92, 368.15
2025-09-22T13:11:50.366, 147.40, 366.89, 157.08, 364.53
2025-09-22T13:11:50.383, 143.93, 364.19, 152.31, 360.70
2025-09-22T13:11:50.400, 140.97, 361.60, 147.73, 356.76
2025-09-22T13:11:50.416, 138.46, 359.09, 143.29, 352.65
2025-09-22T13:11:50.432, 135.65, 354.69, 139.17, 348.58
2025-09-22T13:11:50.450, 131.79, 349.53, 134.77, 343.92
2025-09-22T13:11:50.467, 128.61, 345.50, 130.76, 339.34
2025-09-22T13:11:50.483, 123.34, 338.88, 126.98, 334.72
2025-09-22T13:11:50.500, 120.61, 335.30, 123.28, 329.85
2025-09-22T13:11:50.516, 116.36, 330.63, 119.95, 325.16
2025-09-22T13:11:50.533, 113.38, 325.10, 116.45, 319.83
2025-09-22T13:11:50.550, 108.66, 314.64, 113.30, 314.63
2025-09-22T13:11:50.566, 103.44, 300.17, 110.32, 309.32
2025-09-22T13:11:50.583, 100.11, 288.14, 107.54, 303.92
2025-09-22T13:11:50.599, 96.88, 277.46, 104.96, 298.45
2025-09-22T13:11:50.616, 94.53, 269.50, 102.57, 292.90
2025-09-22T13:11:50.633, 92.83, 263.50, 100.37, 287.23
2025-09-22T13:11:50.650, 91.46, 256.79, 98.36, 281.49
2025-09-22T13:11:50.666, 89.68, 246.56, 96.55, 275.68
2025-09-22T13:11:50.683, 88.68, 237.14, 94.96, 269.85
2025-09-22T13:11:50.699, 88.23, 231.67, 93.57, 263.93
2025-09-22T13:11:50.715, 87.83, 229.29, 92.44, 258.28
2025-09-22T13:11:50.733, 87.83, 224.12, 91.40, 251.96
2025-09-22T13:11:50.750, 87.83, 222.60, 90.64, 245.96
2025-09-22T13:11:50.765, 87.83, 221.77, 90.11, 240.27
2025-09-22T13:11:50.783, 87.83, 220.93, 89.74, 233.87
2025-09-22T13:11:50.800, 87.83, 218.62, 89.60, 227.79
2025-09-22T13:11:50.816, 87.83, 215.41, 89.68, 221.74
2025-09-22T13:11:50.833, 87.83, 209.93, 89.97, 215.67
2025-09-22T13:11:50.850, 88.73, 202.63, 90.48, 209.57
2025-09-22T13:11:50.866, 89.95, 197.80, 91.19, 203.57
2025-09-22T13:11:50.883, 90.71, 193.57, 92.11, 197.59
2025-09-22T13:11:50.900, 91.39, 190.84, 93.24, 191.62
2025-09-22T13:11:50.916, 92.02, 188.96, 94.57, 185.72
2025-09-22T13:11:50.934, 93.04, 186.22, 96.12, 179.84
2025-09-22T13:11:50.949, 93.77, 182.53, 97.77, 174.33
2025-09-22T13:11:50.966, 95.89, 176.57, 99.83, 168.25
2025-09-22T13:11:50.983, 97.59, 170.57, 101.91, 162.74
2025-09-22T13:11:51.000, 99.23, 165.21, 104.30, 157.02
2025-09-22T13:11:51.016, 100.92, 159.20, 106.72, 151.76
2025-09-22T13:11:51.033, 102.90, 154.43, 109.58, 146.07
2025-09-22T13:11:51.050, 104.97, 149.07, 112.51, 140.73
2025-09-22T13:11:51.066, 108.22, 141.12, 115.60, 135.54
2025-09-22T13:11:51.083, 111.58, 132.46, 118.89, 130.42
2025-09-22T13:11:51.100, 115.79, 125.45, 122.33, 125.45
2025-09-22T13:11:51.116, 118.28, 120.91, 125.99, 120.55
2025-09-22T13:11:51.133, 121.39, 114.20, 129.80, 115.81
2025-09-22T13:11:51.150, 124.90, 108.47, 133.74, 111.23
2025-09-22T13:11:51.166, 128.52, 102.13, 137.85, 106.79
2025-09-22T13:11:51.183, 133.52, 96.21, 142.13, 102.47
2025-09-22T13:11:51.200, 141.55, 88.65, 146.56, 98.30
2025-09-22T13:11:51.215, 144.72, 86.38, 151.04, 94.36
2025-09-22T13:11:51.233, 154.22, 80.04, 155.81, 90.46
2025-09-22T13:11:51.249, 161.23, 75.37, 160.65, 86.78
2025-09-22T13:11:51.265, 168.25, 71.15, 165.31, 83.47
2025-09-22T13:11:51.283, 176.19, 67.41, 170.67, 79.95
2025-09-22T13:11:51.300, 184.84, 64.52, 175.87, 76.80
2025-09-22T13:11:51.316, 193.49, 62.59, 181.18, 73.82
2025-09-22T13:11:51.333, 200.73, 60.78, 186.58, 71.04
2025-09-22T13:11:51.350, 208.68, 59.36, 192.05, 68.46
2025-09-22T13:11:51.366, 217.32, 57.91, 197.64, 66.06
2025-09-22T13:11:51.383, 228.30, 56.86, 203.31, 63.85
2025-09-22T13:11:51.400, 240.10, 55.78, 209.01, 61.86
2025-09-22T13:11:51.416, 251.90, 55.78, 214.82, 60.05
2025-09-22T13:11:51.432, 262.06, 55.78, 220.34, 58.54
2025-09-22T13:11:51.450, 270.34, 55.78, 226.57, 57.07
2025-09-22T13:11:51.467, 278.08, 55.78, 232.54, 55.88
2025-09-22T13:11:51.483, 284.68, 56.65, 238.51, 54.91
2025-09-22T13:11:51.500, 291.92, 57.55, 244.58, 54.14
2025-09-22T13:11:51.517, 299.86, 59.89, 250.60, 53.58
2025-09-22T13:11:51.532, 307.81, 62.21, 256.45, 53.25
2025-09-22T13:11:51.550, 316.46, 65.09, 262.71, 53.10
2025-09-22T13:11:51.566, 321.92, 67.19, 268.79, 53.18
2025-09-22T13:11:51.583, 328.37, 69.90, 274.87, 53.47
2025-09-22T13:11:51.600, 333.13, 72.27, 280.89, 53.97
2025-09-22T13:11:51.616, 336.81, 74.48, 286.90, 54.68
2025-09-22T13:11:51.633, 339.77, 76.70, 292.94, 55.61
2025-09-22T13:11:51.649, 342.72, 79.28, 298.81, 56.73
2025-09-22T13:11:51.666, 345.67, 81.49, 304.50, 58.00
2025-09-22T13:11:51.683, 348.63, 84.07, 310.49, 59.57
2025-09-22T13:11:51.699, 351.21, 86.65, 316.24, 61.29
2025-09-22T13:11:51.716, 354.16, 89.23, 322.25, 63.33
2025-09-22T13:11:51.733, 356.74, 91.82, 327.90, 65.47
2025-09-22T13:11:51.750, 360.91, 95.98, 333.51, 67.82
2025-09-22T13:11:51.766, 363.49, 98.57, 339.03, 70.36
2025-09-22T13:11:51.783, 365.99, 100.70, 344.43, 73.08
2025-09-22T13:11:51.800, 367.55, 102.26, 349.48, 75.85
2025-09-22T13:11:51.815, 369.06, 103.45, 354.68, 78.93
2025-09-22T13:11:51.833, 370.57, 104.65, 360.08, 82.39
2025-09-22T13:11:51.850, 372.07, 105.84, 365.05, 85.83
2025-09-22T13:11:51.866, 373.95, 107.09, 369.69, 89.29
2025-09-22T13:11:51.884, 375.51, 108.66, 374.69, 93.30
2025-09-22T13:11:51.900, 376.65, 109.80, 379.27, 97.24
2025-09-22T13:11:51.916, 377.79, 110.94, 383.74, 101.37
2025-09-22T13:11:51.933, 378.99, 112.16, 387.96, 105.55
2025-09-22T13:11:51.949, 380.55, 113.72, 391.98, 109.81
2025-09-22T13:11:51.965, 382.14, 115.32, 396.00, 114.38
2025-09-22T13:11:51.983, 384.19, 117.36, 400.04, 119.31
2025-09-22T13:11:52.000, 387.34, 120.51, 403.70, 124.12
2025-09-22T13:11:52.016, 390.08, 123.57, 407.21, 129.09
2025-09-22T13:11:52.033, 393.68, 127.16, 410.55, 134.17
2025-09-22T13:11:52.049, 397.92, 131.41, 413.59, 139.18
2025-09-22T13:11:52.066, 401.52, 135.06, 416.68, 144.68
2025-09-22T13:11:52.083, 406.16, 141.11, 419.46, 150.08
2025-09-22T13:11:52.099, 409.58, 145.98, 421.91, 155.25
2025-09-22T13:11:52.116, 412.07, 150.51, 424.43, 161.10
2025-09-22T13:11:52.133, 414.11, 155.86, 426.63, 166.77
2025-09-22T13:11:52.150, 416.65, 161.80, 428.64, 172.51
2025-09-22T13:11:52.166, 419.54, 170.45, 430.45, 178.32
2025-09-22T13:11:52.183, 423.01, 179.86, 432.04, 184.15
2025-09-22T13:11:52.200, 426.56, 190.02, 433.43, 190.07
2025-09-22T13:11:52.215, 430.04, 199.43, 434.56, 195.72
2025-09-22T13:11:52.232, 432.92, 208.08, 435.54, 201.68
2025-09-22T13:11:52.250, 435.23, 216.02, 436.36, 208.04
2025-09-22T13:11:52.266, 436.20, 224.67, 436.92, 214.10
2025-09-22T13:11:52.283, 437.13, 236.94, 437.26, 220.13
2025-09-22T13:11:52.300, 437.13, 245.59, 437.40, 226.21
2025-09-22T13:11:52.316, 437.13, 254.24, 437.32, 232.26
2025-09-22T13:11:52.333, 436.64, 262.89, 437.03, 238.37
2025-09-22T13:11:52.350, 435.79, 269.05, 436.53, 244.39
2025-09-22T13:11:52.366, 433.86, 277.93, 435.81, 250.43
2025-09-22T13:11:52.383, 432.61, 282.91, 434.89, 256.41
2025-09-22T13:11:52.398, 431.16, 287.23, 433.83, 262.06
2025-09-22T13:11:52.416, 428.61, 296.15, 432.42, 268.32
2025-09-22T13:11:52.435, 427.41, 300.49, 430.88, 274.16
2025-09-22T13:11:52.450, 425.82, 305.25, 429.12, 280.02
2025-09-22T13:11:52.466, 424.28, 309.47, 427.19, 285.71
2025-09-22T13:11:52.483, 423.20, 312.68, 425.03, 291.40
2025-09-22T13:11:52.500, 422.17, 315.40, 422.68, 297.01
2025-09-22T13:11:52.517, 421.48, 318.13, 420.12, 302.57
2025-09-22T13:11:52.533, 420.45, 320.86, 417.42, 307.93
2025-09-22T13:11:52.549, 419.43, 323.58, 414.60, 313.08
2025-09-22T13:11:52.566, 418.06, 326.31, 411.56, 318.21
2025-09-22T13:11:52.583, 417.09, 328.61, 408.09, 323.61
2025-09-22T13:11:52.600, 415.83, 330.48, 404.65, 328.58
2025-09-22T13:11:52.616, 414.91, 331.99, 401.08, 333.36
2025-09-22T13:11:52.633, 413.71, 333.50, 397.20, 338.19
2025-09-22T13:11:52.650, 412.05, 335.46, 393.26, 342.77
2025-09-22T13:11:52.667, 409.54, 337.96, 389.13, 347.24
2025-09-22T13:11:52.682, 405.96, 341.11, 385.08, 351.33
2025-09-22T13:11:52.700, 401.43, 344.39, 380.44, 355.70
2025-09-22T13:11:52.716, 395.03, 348.49, 375.90, 359.69
2025-09-22T13:11:52.733, 383.11, 354.61, 371.16, 363.56
2025-09-22T13:11:52.750, 369.34, 360.48, 366.35, 367.22
2025-09-22T13:11:52.766, 358.61, 365.25, 361.50, 370.65
2025-09-22T13:11:52.783, 345.62, 370.32, 356.33, 374.05
2025-09-22T13:11:52.799, 335.45, 374.39, 351.41, 377.04
2025-09-22T13:11:52.816, 329.27, 376.57, 345.86, 380.16
2025-09-22T13:11:52.833, 320.34, 379.11, 340.45, 382.95
2025-09-22T13:11:52.850, 316.11, 379.87, 334.95, 385.54
2025-09-22T13:11:52.866, 313.38, 380.21, 329.36, 387.94
2025-09-22T13:11:52.883, 311.07, 380.21, 323.73, 390.13
2025-09-22T13:11:52.900, 309.55, 380.21, 317.99, 392.14
2025-09-22T13:11:52.916, 308.04, 380.21, 312.18, 393.95
2025-09-22T13:11:52.933, 305.73, 380.21, 306.42, 395.52
2025-09-22T13:11:52.950, 302.41, 380.52, 300.43, 396.93
2025-09-22T13:11:52.967, 298.06, 380.86, 294.50, 398.11
2025-09-22T13:11:52.983, 293.72, 381.29, 288.49, 399.09
2025-09-22T13:11:52.999, 288.36, 381.68, 282.61, 399.84
2025-09-22T13:11:53.016, 284.13, 382.07, 276.77, 400.39
2025-09-22T13:11:53.034, 280.91, 382.07, 270.33, 400.76
2025-09-22T13:11:53.050, 278.61, 382.41, 264.29, 400.90
2025-09-22T13:11:53.066, 277.09, 382.41, 258.21, 400.82
2025-09-22T13:11:53.083, 273.39, 382.78, 252.28, 400.53
2025-09-22T13:11:53.100, 265.11, 383.32, 246.11, 400.03
2025-09-22T13:11:53.116, 256.23, 384.27, 240.07, 399.31
2025-09-22T13:11:53.133, 243.55, 385.37, 234.09, 398.39
2025-09-22T13:11:53.150, 230.88, 385.93, 228.12, 397.26
2025-09-22T13:11:53.165, 219.89, 386.47, 222.50, 396.00
2025-09-22T13:11:53.183, 209.72, 386.47, 216.30, 394.37
2025-09-22T13:11:53.199, 194.09, 386.47, 210.72, 392.69
2025-09-22T13:11:53.216, 178.68, 386.47, 204.75, 390.67
2025-09-22T13:11:53.233, 167.58, 384.29, 199.07, 388.52
2025-09-22T13:11:53.249, 159.52, 382.84, 193.79, 386.31
2025-09-22T13:11:53.266, 152.21, 381.03, 187.93, 383.62
2025-09-22T13:11:53.283, 147.98, 379.49, 182.57, 380.92
2025-09-22T13:11:53.300, 146.10, 378.54, 177.23, 377.99
2025-09-22T13:11:53.316, 144.05, 377.14, 172.01, 374.88
2025-09-22T13:11:53.333, 141.54, 374.64, 166.92, 371.61
2025-09-22T13:11:53.350, 134.71, 368.20, 161.92, 368.15
2025-09-22T13:11:53.366, 129.86, 362.93, 157.05, 364.51
2025-09-22T13:11:53.383, 123.87, 356.37, 152.34, 360.73
2025-09-22T13:11:53.400, 120.71, 352.79, 147.73, 356.76
2025-09-22T13:11:53.416, 115.85, 345.04, 143.26, 352.63
2025-09-22T13:11:53.433, 112.22, 337.79, 138.94, 348.35
2025-09-22T13:11:53.450, 108.94, 329.84, 134.77, 343.92
2025-09-22T13:11:53.466, 106.47, 324.37, 130.79, 339.37
2025-09-22T13:11:53.483, 104.08, 319.54, 126.96, 334.69
2025-09-22T13:11:53.500, 102.29, 316.33, 123.28, 329.85
2025-09-22T13:11:53.516, 100.66, 314.33, 119.77, 324.88
2025-09-22T13:11:53.533, 98.93, 311.54, 116.45, 319.83
2025-09-22T13:11:53.550, 96.26, 305.37, 113.28, 314.60
2025-09-22T13:11:53.566, 91.96, 293.51, 110.32, 309.32
2025-09-22T13:11:53.583, 89.00, 283.98, 107.55, 303.95
2025-09-22T13:11:53.600, 86.70, 276.68, 104.96, 298.45
2025-09-22T13:11:53.616, 85.00, 270.72, 102.57, 292.90
2025-09-22T13:11:53.633, 83.69, 264.71, 100.35, 287.19
2025-09-22T13:11:53.649, 83.27, 258.76, 98.46, 281.80
2025-09-22T13:11:53.666, 82.75, 250.05, 96.55, 275.68
2025-09-22T13:11:53.683, 82.16, 233.66, 94.96, 269.85
2025-09-22T13:11:53.699, 81.71, 222.33, 93.57, 263.93
2025-09-22T13:11:53.716, 81.31, 214.05, 92.38, 257.96
2025-09-22T13:11:53.733, 81.31, 202.02, 91.41, 251.99
2025-09-22T13:11:53.750, 81.31, 195.84, 90.64, 245.96
2025-09-22T13:11:53.766, 81.31, 186.31, 90.08, 239.90
2025-09-22T13:11:53.783, 81.31, 177.66, 89.74, 233.87
2025-09-22T13:11:53.800, 81.31, 172.83, 89.60, 227.79
2025-09-22T13:11:53.816, 81.31, 168.60, 89.68, 221.71
2025-09-22T13:11:53.833, 81.62, 166.72, 89.97, 215.63
2025-09-22T13:11:53.850, 82.19, 165.52, 90.47, 209.61
2025-09-22T13:11:53.865, 82.45, 165.25, 91.14, 203.89
2025-09-22T13:11:53.882, 82.45, 164.99, 92.11, 197.59
2025-09-22T13:11:53.900, 82.45, 164.75, 93.25, 191.58
2025-09-22T13:11:53.915, 82.45, 164.75, 94.50, 186.00
2025-09-22T13:11:53.933, 82.45, 164.26, 96.12, 179.84
2025-09-22T13:11:53.950, 82.45, 164.02, 97.87, 174.01
2025-09-22T13:11:53.967, 82.45, 163.77, 99.81, 168.29
2025-09-22T13:11:53.983, 82.45, 160.45, 101.97, 162.60
2025-09-22T13:11:54.000, 83.16, 157.23, 104.32, 156.99
2025-09-22T13:11:54.016, 83.86, 154.02, 106.86, 151.47
2025-09-22T13:11:54.032, 85.11, 152.13, 109.43, 146.36
2025-09-22T13:11:54.050, 86.00, 150.90, 112.51, 140.73
2025-09-22T13:11:54.066, 86.85, 150.33, 115.62, 135.51
2025-09-22T13:11:54.082, 87.37, 150.07, 118.70, 130.70
2025-09-22T13:11:54.100, 88.20, 149.78, 122.27, 125.54
2025-09-22T13:11:54.116, 89.70, 148.57, 125.97, 120.58
2025-09-22T13:11:54.133, 91.75, 146.89, 129.80, 115.81