timestamp, mouseX, mouseY, flowerX, flowerY
2025-09-22T13:08:05.100, 131.78, 112.97, 140.01, 104.57
2025-09-22T13:08:05.116, 131.78, 112.97, 148.81, 96.28
2025-09-22T13:08:05.133, 131.78, 112.97, 158.23, 88.59
2025-09-22T13:08:05.150, 131.78, 112.97, 168.16, 81.57
2025-09-22T13:08:05.166, 131.78, 112.97, 178.56, 75.26
2025-09-22T13:08:05.183, 131.78, 112.97, 189.31, 69.72
2025-09-22T13:08:05.200, 131.78, 112.97, 200.48, 64.92
2025-09-22T13:08:05.216, 131.78, 112.97, 211.96, 60.92
2025-09-22T13:08:05.232, 131.78, 112.97, 222.99, 57.89
2025-09-22T13:08:05.253, 132.95, 112.27, 235.55, 55.36
2025-09-22T13:08:05.267, 140.18, 106.95, 247.62, 53.83
2025-09-22T13:08:05.284, 151.80, 98.71, 259.69, 53.14
2025-09-22T13:08:05.300, 177.50, 80.61, 271.85, 53.30
2025-09-22T13:08:05.317, 208.27, 61.47, 283.90, 54.30
2025-09-22T13:08:05.334, 238.50, 44.31, 295.99, 56.16
2025-09-22T13:08:05.350, 267.21, 31.74, 307.78, 58.83
2025-09-22T13:08:05.367, 296.12, 24.89, 319.36, 62.32
2025-09-22T13:08:05.384, 321.28, 24.18, 330.73, 66.62
2025-09-22T13:08:05.401, 345.23, 24.89, 341.78, 71.72
2025-09-22T13:08:05.417, 366.65, 33.85, 352.38, 77.53
2025-09-22T13:08:05.434, 379.65, 41.57, 362.61, 84.11
2025-09-22T13:08:05.450, 391.91, 50.29, 372.35, 91.38
2025-09-22T13:08:05.467, 400.36, 58.16, 381.51, 99.27
2025-09-22T13:08:05.484, 406.96, 66.29, 390.20, 107.89
2025-09-22T13:08:05.500, 413.07, 74.93, 398.12, 116.92
2025-09-22T13:08:05.517, 418.29, 84.87, 405.53, 126.66
2025-09-22T13:08:05.534, 422.61, 93.04, 412.16, 136.77
2025-09-22T13:08:05.550, 425.86, 100.98, 418.10, 147.38
2025-09-22T13:08:05.567, 429.19, 109.69, 423.29, 158.38
2025-09-22T13:08:05.584, 433.70, 123.29, 427.67, 169.65
2025-09-22T13:08:05.601, 438.66, 140.71, 431.26, 181.20
2025-09-22T13:08:05.617, 441.03, 154.47, 434.06, 193.10
2025-09-22T13:08:05.634, 442.63, 165.14, 436.01, 205.04
2025-09-22T13:08:05.651, 443.65, 175.31, 437.11, 217.08
2025-09-22T13:08:05.667, 443.65, 188.45, 437.38, 229.31
2025-09-22T13:08:05.684, 443.65, 197.86, 436.80, 241.38
2025-09-22T13:08:05.700, 442.29, 214.57, 435.37, 253.46
2025-09-22T13:08:05.717, 441.21, 226.43, 433.12, 265.34
2025-09-22T13:08:05.734, 439.52, 239.96, 430.02, 277.10
2025-09-22T13:08:05.750, 436.84, 251.76, 426.12, 288.62
2025-09-22T13:08:05.767, 433.19, 262.74, 421.41, 299.83
2025-09-22T13:08:05.784, 429.63, 272.91, 415.97, 310.63
2025-09-22T13:08:05.800, 425.95, 283.89, 409.75, 321.08
2025-09-22T13:08:05.817, 422.20, 295.68, 402.86, 331.01
2025-09-22T13:08:05.834, 418.44, 307.48, 395.25, 340.50
2025-09-22T13:08:05.850, 411.41, 324.73, 387.05, 349.38
2025-09-22T13:08:05.867, 402.30, 339.28, 378.19, 357.72
2025-09-22T13:08:05.884, 389.02, 355.82, 368.77, 365.41
2025-09-22T13:08:05.901, 371.03, 371.69, 358.84, 372.43
2025-09-22T13:08:05.917, 350.59, 385.07, 348.51, 378.70
2025-09-22T13:08:05.933, 335.36, 391.16, 337.83, 384.21
2025-09-22T13:08:05.950, 318.58, 397.41, 327.06, 388.86
2025-09-22T13:08:05.967, 306.72, 400.12, 315.11, 393.06
2025-09-22T13:08:05.984, 296.55, 401.64, 303.37, 396.26
2025-09-22T13:08:06.000, 286.38, 402.66, 291.45, 398.64
2025-09-22T13:08:06.017, 274.57, 403.20, 279.45, 400.16
2025-09-22T13:08:06.034, 262.77, 403.20, 267.31, 400.86
2025-09-22T13:08:06.050, 252.59, 403.20, 255.15, 400.70
2025-09-22T13:08:06.067, 243.18, 403.20, 243.10, 399.70
2025-09-22T13:08:06.084, 235.23, 400.90, 231.08, 397.85
2025-09-22T13:08:06.100, 222.75, 394.07, 219.22, 395.17
2025-09-22T13:08:06.117, 212.16, 386.27, 207.64, 391.68
2025-09-22T13:08:06.134, 200.00, 378.17, 196.27, 387.38
2025-09-22T13:08:06.150, 192.87, 373.92, 185.22, 382.28
2025-09-22T13:08:06.167, 186.04, 370.24, 174.62, 376.47
2025-09-22T13:08:06.184, 178.57, 367.41, 164.33, 369.85
2025-09-22T13:08:06.200, 169.70, 363.98, 154.65, 362.62
2025-09-22T13:08:06.217, 159.47, 357.48, 145.49, 354.73
2025-09-22T13:08:06.234, 144.52, 343.84, 136.85, 346.16
2025-09-22T13:08:06.250, 125.20, 325.70, 128.83, 337.02
2025-09-22T13:08:06.267, 113.63, 315.85, 121.51, 327.40
2025-09-22T13:08:06.284, 102.90, 306.82, 114.84, 317.23
2025-09-22T13:08:06.300, 95.27, 299.19, 109.17, 307.13
2025-09-22T13:08:06.317, 85.57, 286.04, 103.71, 295.62
2025-09-22T13:08:06.334, 78.77, 269.20, 99.33, 284.35
2025-09-22T13:08:06.351, 71.86, 246.40, 95.74, 272.80
2025-09-22T13:08:06.367, 68.36, 232.63, 92.94, 260.90
2025-09-22T13:08:06.384, 65.88, 215.25, 90.99, 248.96
2025-09-22T13:08:06.400, 65.88, 199.84, 89.88, 236.85
2025-09-22T13:08:06.417, 65.88, 188.18, 89.62, 224.77
2025-09-22T13:08:06.434, 66.36, 179.52, 90.20, 212.54
2025-09-22T13:08:06.450, 67.80, 170.87, 91.63, 200.54
2025-09-22T13:08:06.467, 68.61, 165.39, 93.90, 188.59
2025-09-22T13:08:06.484, 69.40, 160.63, 96.98, 176.90
2025-09-22T13:08:06.499, 70.45, 157.41, 100.65, 166.00
2025-09-22T13:08:06.517, 72.61, 154.57, 105.59, 154.17
2025-09-22T13:08:06.533, 76.29, 153.09, 110.86, 143.69
2025-09-22T13:08:06.550, 79.50, 152.00, 117.29, 132.86
2025-09-22T13:08:06.567, 83.19, 150.89, 124.14, 122.99
2025-09-22T13:08:06.584, 86.39, 149.83, 131.75, 113.50
2025-09-22T13:08:06.600, 88.27, 148.89, 139.90, 104.67
2025-09-22T13:08:06.617, 90.68, 146.78, 148.86, 96.24
2025-09-22T13:08:06.634, 93.49, 142.38, 158.23, 88.59
2025-09-22T13:08:06.650, 99.59, 134.24, 168.16, 81.57
2025-09-22T13:08:06.667, 110.75, 119.88, 178.56, 75.26
2025-09-22T13:08:06.684, 119.70, 109.69, 189.37, 69.69
2025-09-22T13:08:06.701, 130.61, 96.93, 200.48, 64.92
2025-09-22T13:08:06.717, 142.14, 84.80, 211.96, 60.92
2025-09-22T13:08:06.734, 153.98, 74.14, 223.63, 57.74
2025-09-22T13:08:06.750, 165.26, 65.67, 235.48, 55.37
2025-09-22T13:08:06.768, 191.81, 49.34, 247.62, 53.83
2025-09-22T13:08:06.784, 204.20, 43.69, 259.69, 53.14
2025-09-22T13:08:06.800, 218.67, 39.65, 271.85, 53.30
2025-09-22T13:08:06.817, 232.21, 37.96, 283.90, 54.30
2025-09-22T13:08:06.834, 244.88, 37.42, 295.92, 56.15
2025-09-22T13:08:06.851, 262.75, 38.12, 307.71, 58.82
2025-09-22T13:08:06.867, 279.52, 44.38, 319.36, 62.32
2025-09-22T13:08:06.884, 300.66, 55.64, 330.73, 66.62
2025-09-22T13:08:06.901, 321.09, 69.02, 341.71, 71.68
2025-09-22T13:08:06.917, 333.58, 78.41, 352.44, 77.57
2025-09-22T13:08:06.934, 344.86, 86.88, 362.67, 84.15
2025-09-22T13:08:06.951, 353.21, 94.72, 372.35, 91.38
2025-09-22T13:08:06.967, 363.48, 105.11, 381.51, 99.27
2025-09-22T13:08:06.984, 374.14, 117.01, 390.15, 107.84
2025-09-22T13:08:07.000, 386.83, 131.61, 398.12, 116.92
2025-09-22T13:08:07.017, 396.16, 143.26, 405.53, 126.66
2025-09-22T13:08:07.033, 401.62, 150.63, 412.08, 136.65
2025-09-22T13:08:07.050, 405.83, 158.09, 418.07, 147.32
2025-09-22T13:08:07.067, 409.86, 167.08, 423.26, 158.32
2025-09-22T13:08:07.084, 412.52, 178.17, 427.69, 169.72
2025-09-22T13:08:07.100, 415.01, 187.64, 431.28, 181.27
2025-09-22T13:08:07.117, 418.31, 200.31, 434.06, 193.10
2025-09-22T13:08:07.134, 419.66, 207.02, 436.01, 205.04
2025-09-22T13:08:07.150, 420.96, 213.61, 437.12, 217.15
2025-09-22T13:08:07.167, 421.36, 217.83, 437.38, 229.31
2025-09-22T13:08:07.184, 421.36, 223.18, 436.80, 241.38
2025-09-22T13:08:07.200, 420.90, 229.78, 435.39, 253.32
2025-09-22T13:08:07.217, 418.49, 238.43, 433.10, 265.41
2025-09-22T13:08:07.234, 416.76, 243.89, 430.02, 277.10
2025-09-22T13:08:07.250, 414.33, 252.59, 426.12, 288.62
2025-09-22T13:08:07.267, 412.68, 257.41, 421.44, 299.77
2025-09-22T13:08:07.284, 409.39, 265.36, 415.97, 310.63
2025-09-22T13:08:07.301, 406.14, 273.30, 409.75, 321.08
2025-09-22T13:08:07.317, 399.74, 286.52, 402.86, 331.01
2025-09-22T13:08:07.334, 394.79, 294.94, 395.25, 340.50
2025-09-22T13:08:07.350, 388.68, 303.58, 386.99, 349.43
2025-09-22T13:08:07.367, 378.44, 316.18, 378.19, 357.72
2025-09-22T13:08:07.384, 366.53, 326.28, 368.77, 365.41
2025-09-22T13:08:07.400, 351.27, 337.04, 358.84, 372.43
2025-09-22T13:08:07.417, 339.59, 344.24, 348.44, 378.74
2025-09-22T13:08:07.434, 325.93, 352.58, 337.70, 384.28
2025-09-22T13:08:07.450, 315.20, 359.01, 326.59, 389.05
2025-09-22T13:08:07.467, 304.74, 363.72, 315.04, 393.08
2025-09-22T13:08:07.484, 296.79, 366.97, 303.37, 396.26
2025-09-22T13:08:07.500, 289.54, 369.68, 291.45, 398.64
2025-09-22T13:08:07.517, 282.94, 372.31, 279.45, 400.16
2025-09-22T13:08:07.534, 275.69, 375.02, 267.31, 400.86
2025-09-22T13:08:07.551, 268.44, 376.83, 255.15, 400.70
2025-09-22T13:08:07.567, 262.74, 378.13, 243.03, 399.69
2025-09-22T13:08:07.584, 256.79, 378.97, 231.08, 397.85
2025-09-22T13:08:07.601, 252.56, 378.97, 219.22, 395.17
2025-09-22T13:08:07.617, 248.86, 378.97, 207.57, 391.66
2025-09-22T13:08:07.634, 245.17, 378.97, 196.27, 387.38
2025-09-22T13:08:07.650, 241.95, 378.63, 185.22, 382.28
2025-09-22T13:08:07.667, 236.59, 376.98, 174.62, 376.47
2025-09-22T13:08:07.684, 231.23, 375.33, 164.33, 369.85
2025-09-22T13:08:07.700, 223.93, 372.61, 154.65, 362.62
2025-09-22T13:08:07.717, 211.45, 365.84, 145.49, 354.73
2025-09-22T13:08:07.734, 197.23, 358.73, 136.85, 346.16
2025-09-22T13:08:07.750, 185.55, 352.63, 128.83, 337.02
2025-09-22T13:08:07.767, 172.23, 346.84, 121.51, 327.40
2025-09-22T13:08:07.784, 161.49, 340.94, 114.80, 317.17
2025-09-22T13:08:07.801, 151.55, 335.20, 108.90, 306.62
2025-09-22T13:08:07.817, 141.89, 327.69, 103.71, 295.62
2025-09-22T13:08:07.834, 132.51, 318.88, 99.33, 284.35
2025-09-22T13:08:07.850, 123.93, 310.29, 95.82, 273.09
2025-09-22T13:08:07.867, 115.04, 299.80, 92.95, 260.97
2025-09-22T13:08:07.884, 110.96, 293.00, 90.99, 248.96
2025-09-22T13:08:07.900, 107.20, 285.53, 89.88, 236.85
2025-09-22T13:08:07.917, 103.57, 278.28, 89.62, 224.77
2025-09-22T13:08:07.934, 101.31, 271.03, 90.20, 212.62
2025-09-22T13:08:07.950, 98.98, 263.08, 91.63, 200.54
2025-09-22T13:08:07.967, 97.00, 253.66, 93.90, 188.59
2025-09-22T13:08:07.984, 95.70, 239.61, 96.98, 176.90
2025-09-22T13:08:08.000, 95.70, 226.93, 100.88, 165.38
2025-09-22T13:08:08.017, 95.70, 215.27, 105.56, 154.23
2025-09-22T13:08:08.034, 95.70, 209.09, 111.03, 143.37
2025-09-22T13:08:08.050, 95.70, 200.21, 117.21, 132.98
2025-09-22T13:08:08.067, 96.18, 192.26, 124.18, 122.93