timestamp, mouseX, mouseY, flowerX, flowerY
2025-09-22T13:10:12.891, 126.27, 110.91, 133.68, 111.30
2025-09-22T13:10:12.907, 126.27, 110.91, 135.51, 109.28
2025-09-22T13:10:12.923, 126.27, 110.91, 137.48, 107.17
2025-09-22T13:10:12.941, 126.27, 110.91, 139.62, 104.96
2025-09-22T13:10:12.958, 126.27, 110.91, 141.66, 102.92
2025-09-22T13:10:12.974, 126.27, 110.91, 143.64, 101.01
2025-09-22T13:10:12.991, 126.27, 110.91, 145.86, 98.93
2025-09-22T13:10:13.008, 126.27, 110.91, 148.02, 96.99
2025-09-22T13:10:13.024, 126.27, 110.91, 150.20, 95.07
2025-09-22T13:10:13.040, 126.27, 110.91, 152.29, 93.31
2025-09-22T13:10:13.058, 126.27, 110.91, 154.66, 91.38
2025-09-22T13:10:13.074, 126.27, 110.91, 156.93, 89.59
2025-09-22T13:10:13.091, 126.27, 110.91, 159.23, 87.83
2025-09-22T13:10:13.110, 126.27, 110.68, 161.56, 86.12
2025-09-22T13:10:13.126, 133.27, 101.20, 163.93, 84.43
2025-09-22T13:10:13.142, 143.98, 88.72, 166.32, 82.79
2025-09-22T13:10:13.159, 157.31, 74.76, 168.74, 81.19
2025-09-22T13:10:13.175, 173.21, 60.84, 171.18, 79.63
2025-09-22T13:10:13.192, 185.84, 51.66, 173.65, 78.11
2025-09-22T13:10:13.209, 198.57, 43.54, 176.01, 76.71
2025-09-22T13:10:13.226, 204.79, 39.94, 178.67, 75.20
2025-09-22T13:10:13.246, 210.79, 36.93, 181.05, 73.89
2025-09-22T13:10:13.257, 214.00, 35.85, 183.63, 72.53
2025-09-22T13:10:13.275, 215.93, 34.88, 186.36, 71.15
2025-09-22T13:10:13.292, 216.76, 34.61, 188.96, 69.89
2025-09-22T13:10:13.308, 217.27, 34.61, 191.60, 68.66
2025-09-22T13:10:13.325, 218.41, 34.32, 194.25, 67.49
2025-09-22T13:10:13.342, 219.61, 34.01, 196.91, 66.36
2025-09-22T13:10:13.358, 220.75, 33.72, 199.60, 65.27
2025-09-22T13:10:13.375, 222.26, 33.72, 202.31, 64.22
2025-09-22T13:10:13.392, 223.77, 33.40, 205.02, 63.23
2025-09-22T13:10:13.409, 225.27, 33.40, 207.76, 62.28
2025-09-22T13:10:13.425, 227.15, 33.40, 210.52, 61.37
2025-09-22T13:10:13.441, 229.02, 33.40, 213.11, 60.56
2025-09-22T13:10:13.458, 231.75, 33.40, 216.07, 59.70
2025-09-22T13:10:13.475, 234.48, 33.40, 218.85, 58.93
2025-09-22T13:10:13.492, 236.35, 33.71, 221.66, 58.21
2025-09-22T13:10:13.509, 237.86, 34.00, 224.49, 57.54
2025-09-22T13:10:13.525, 238.69, 34.54, 227.32, 56.91
2025-09-22T13:10:13.542, 239.83, 35.11, 230.15, 56.33
2025-09-22T13:10:13.558, 241.76, 35.74, 232.99, 55.80
2025-09-22T13:10:13.575, 243.64, 36.36, 235.87, 55.31
2025-09-22T13:10:13.592, 246.84, 37.44, 238.72, 54.88
2025-09-22T13:10:13.607, 250.53, 38.55, 241.44, 54.51
2025-09-22T13:10:13.625, 253.74, 39.25, 244.47, 54.15
2025-09-22T13:10:13.642, 256.95, 39.96, 247.37, 53.85
2025-09-22T13:10:13.658, 260.86, 41.12, 250.25, 53.61
2025-09-22T13:10:13.675, 267.57, 42.28, 253.15, 53.41
2025-09-22T13:10:13.692, 272.55, 43.52, 256.05, 53.26
2025-09-22T13:10:13.708, 276.78, 44.68, 258.83, 53.17
2025-09-22T13:10:13.725, 280.46, 45.41, 261.82, 53.11
2025-09-22T13:10:13.742, 283.67, 46.49, 264.72, 53.11
2025-09-22T13:10:13.758, 286.40, 47.17, 267.61, 53.15
2025-09-22T13:10:13.775, 289.61, 48.22, 270.53, 53.24
2025-09-22T13:10:13.792, 292.81, 49.27, 273.41, 53.39
2025-09-22T13:10:13.808, 296.13, 50.77, 276.29, 53.57
2025-09-22T13:10:13.825, 299.34, 52.18, 279.19, 53.81
2025-09-22T13:10:13.842, 302.06, 53.20, 282.08, 54.10
2025-09-22T13:10:13.858, 305.27, 54.25, 284.94, 54.43
2025-09-22T13:10:13.875, 308.00, 55.27, 287.82, 54.81
2025-09-22T13:10:13.892, 311.20, 56.69, 290.69, 55.24
2025-09-22T13:10:13.909, 314.95, 58.21, 293.54, 55.72
2025-09-22T13:10:13.925, 317.73, 59.58, 296.35, 56.23
2025-09-22T13:10:13.942, 321.41, 61.05, 299.24, 56.82
2025-09-22T13:10:13.959, 325.10, 62.90, 302.06, 57.43
2025-09-22T13:10:13.975, 328.79, 64.74, 304.87, 58.10
2025-09-22T13:10:13.992, 332.48, 66.95, 307.71, 58.82
2025-09-22T13:10:14.008, 335.68, 68.37, 310.36, 59.53
2025-09-22T13:10:14.025, 337.98, 69.68, 313.28, 60.38
2025-09-22T13:10:14.042, 339.86, 70.93, 316.06, 61.23
2025-09-22T13:10:14.058, 341.73, 71.86, 318.80, 62.13
2025-09-22T13:10:14.075, 343.24, 72.77, 321.55, 63.08
2025-09-22T13:10:14.092, 345.54, 74.08, 324.29, 64.07
2025-09-22T13:10:14.108, 347.42, 75.33, 326.99, 65.11
2025-09-22T13:10:14.124, 349.29, 76.27, 329.52, 66.12
2025-09-22T13:10:14.142, 350.43, 77.12, 332.36, 67.32
2025-09-22T13:10:14.158, 351.57, 77.98, 335.00, 68.48
2025-09-22T13:10:14.174, 352.71, 78.55, 337.48, 69.62
2025-09-22T13:10:14.192, 353.86, 79.40, 340.24, 70.95
2025-09-22T13:10:14.209, 355.57, 80.54, 342.83, 72.25
2025-09-22T13:10:14.225, 356.71, 81.40, 345.39, 73.59
2025-09-22T13:10:14.242, 357.85, 82.25, 347.94, 74.98
2025-09-22T13:10:14.259, 359.36, 83.45, 350.45, 76.40
2025-09-22T13:10:14.275, 360.86, 84.64, 352.96, 77.88
2025-09-22T13:10:14.292, 362.74, 85.89, 355.43, 79.39
2025-09-22T13:10:14.308, 364.70, 87.54, 357.89, 80.95
2025-09-22T13:10:14.325, 366.75, 89.22, 360.31, 82.54
2025-09-22T13:10:14.342, 368.79, 91.27, 362.71, 84.18
2025-09-22T13:10:14.358, 370.44, 93.23, 365.07, 85.85
2025-09-22T13:10:14.375, 373.59, 96.80, 367.40, 87.55
2025-09-22T13:10:14.392, 375.69, 99.21, 369.71, 89.31
2025-09-22T13:10:14.408, 377.90, 102.53, 371.99, 91.10
2025-09-22T13:10:14.425, 380.11, 105.85, 374.25, 92.93
2025-09-22T13:10:14.442, 381.84, 108.27, 376.47, 94.80
2025-09-22T13:10:14.458, 383.20, 110.99, 378.64, 96.68
2025-09-22T13:10:14.474, 385.01, 114.31, 380.70, 98.53
2025-09-22T13:10:14.492, 386.51, 117.63, 382.93, 100.60
2025-09-22T13:10:14.508, 387.56, 120.41, 385.02, 102.61
2025-09-22T13:10:14.525, 389.41, 124.09, 387.08, 104.66
2025-09-22T13:10:14.542, 390.99, 128.00, 389.11, 106.74
2025-09-22T13:10:14.558, 393.06, 133.36, 391.07, 108.83
2025-09-22T13:10:14.575, 394.64, 138.11, 393.04, 110.99
2025-09-22T13:10:14.592, 396.12, 141.86, 394.95, 113.15
2025-09-22T13:10:14.608, 397.30, 146.61, 396.83, 115.36
2025-09-22T13:10:14.625, 398.38, 149.82, 398.67, 117.59
2025-09-22T13:10:14.642, 399.04, 152.12, 400.47, 119.86
2025-09-22T13:10:14.657, 399.66, 154.00, 402.15, 122.04
2025-09-22T13:10:14.675, 400.23, 155.14, 403.97, 124.48
2025-09-22T13:10:14.692, 400.80, 156.28, 405.66, 126.84
2025-09-22T13:10:14.709, 401.09, 157.11, 407.31, 129.23
2025-09-22T13:10:14.725, 401.34, 157.62, 408.91, 131.63
2025-09-22T13:10:14.741, 401.60, 158.14, 410.50, 134.09
2025-09-22T13:10:14.758, 401.86, 158.65, 412.01, 136.53
2025-09-22T13:10:14.775, 402.38, 158.91, 413.51, 139.03
2025-09-22T13:10:14.792, 402.62, 158.91, 414.96, 141.55
2025-09-22T13:10:14.808, 402.88, 159.17, 416.35, 144.08
2025-09-22T13:10:14.824, 403.12, 159.17, 417.71, 146.63
2025-09-22T13:10:14.841, 403.36, 159.17, 419.03, 149.21
2025-09-22T13:10:14.858, 403.60, 159.17, 420.31, 151.82
2025-09-22T13:10:14.874, 403.60, 159.17, 421.53, 154.42
2025-09-22T13:10:14.892, 403.84, 159.17, 420.30, 151.80
2025-09-22T13:10:14.908, 403.84, 159.17, 419.02, 149.20
2025-09-22T13:10:14.924, 403.84, 159.17, 417.70, 146.61
2025-09-22T13:10:14.941, 404.07, 159.17, 416.34, 144.05
2025-09-22T13:10:14.959, 404.31, 159.17, 414.94, 141.52
2025-09-22T13:10:14.974, 404.31, 159.17, 413.50, 139.02
2025-09-22T13:10:14.992, 404.54, 159.17, 412.01, 136.53
2025-09-22T13:10:15.009, 404.79, 159.17, 410.48, 134.06
2025-09-22T13:10:15.025, 405.03, 159.17, 408.90, 131.62
2025-09-22T13:10:15.042, 405.27, 159.17, 407.30, 129.22
2025-09-22T13:10:15.058, 405.27, 159.17, 405.65, 126.83
2025-09-22T13:10:15.074, 405.51, 159.17, 403.97, 124.48
2025-09-22T13:10:15.091, 405.51, 159.17, 402.23, 122.15
2025-09-22T13:10:15.109, 405.74, 159.17, 400.46, 119.85
2025-09-22T13:10:15.124, 405.74, 159.17, 398.66, 117.58
2025-09-22T13:10:15.141, 405.74, 158.93, 396.82, 115.35
2025-09-22T13:10:15.159, 405.74, 158.11, 394.94, 113.14
2025-09-22T13:10:15.175, 405.74, 156.96, 393.02, 110.96
2025-09-22T13:10:15.192, 405.43, 155.44, 391.06, 108.81
2025-09-22T13:10:15.208, 399.96, 147.52, 389.08, 106.71
2025-09-22T13:10:15.225, 395.10, 139.77, 387.06, 104.63
2025-09-22T13:10:15.242, 391.72, 134.75, 385.01, 102.60
2025-09-22T13:10:15.258, 387.75, 129.03, 382.91, 100.59
2025-09-22T13:10:15.274, 384.94, 125.00, 380.89, 98.70
2025-09-22T13:10:15.293, 382.63, 122.00, 378.64, 96.68
2025-09-22T13:10:15.309, 381.74, 120.49, 376.45, 94.77
2025-09-22T13:10:15.325, 380.54, 118.97, 374.24, 92.92
2025-09-22T13:10:15.342, 378.88, 117.00, 371.98, 91.09
2025-09-22T13:10:15.358, 375.81, 113.54, 369.70, 89.30
2025-09-22T13:10:15.375, 373.54, 110.18, 367.38, 87.54
2025-09-22T13:10:15.392, 370.95, 107.22, 365.05, 85.84
2025-09-22T13:10:15.408, 369.63, 104.91, 362.68, 84.16
2025-09-22T13:10:15.426, 368.43, 103.39, 360.30, 82.53
2025-09-22T13:10:15.442, 367.57, 102.25, 357.87, 80.94
2025-09-22T13:10:15.458, 367.04, 101.72, 355.42, 79.38
2025-09-22T13:10:15.476, 365.89, 100.86, 352.96, 77.88
2025-09-22T13:10:15.492, 363.59, 99.55, 350.44, 76.39
2025-09-22T13:10:15.508, 359.89, 97.33, 347.93, 74.97
2025-09-22T13:10:15.525, 356.96, 95.11, 345.38, 73.58
2025-09-22T13:10:15.542, 353.13, 92.41, 342.82, 72.25
2025-09-22T13:10:15.558, 350.16, 89.82, 340.22, 70.94
2025-09-22T13:10:15.575, 347.20, 87.60, 337.61, 69.68
2025-09-22T13:10:15.591, 345.15, 85.55, 335.11, 68.53
2025-09-22T13:10:15.609, 343.27, 84.29, 332.33, 67.30
2025-09-22T13:10:15.626, 341.38, 83.03, 329.67, 66.18
2025-09-22T13:10:15.642, 338.96, 81.29, 326.96, 65.09
2025-09-22T13:10:15.658, 335.64, 79.47, 324.26, 64.06
2025-09-22T13:10:15.675, 332.42, 77.68, 321.55, 63.08
2025-09-22T13:10:15.693, 328.19, 75.38, 318.78, 62.12
2025-09-22T13:10:15.708, 324.86, 73.16, 316.04, 61.23
2025-09-22T13:10:15.725, 321.17, 71.31, 313.26, 60.38
2025-09-22T13:10:15.742, 317.95, 69.52, 310.49, 59.57
2025-09-22T13:10:15.758, 314.74, 67.72, 307.69, 58.81
2025-09-22T13:10:15.775, 311.04, 66.24, 304.87, 58.10
2025-09-22T13:10:15.792, 306.81, 64.70, 302.06, 57.43
2025-09-22T13:10:15.808, 303.12, 63.21, 299.23, 56.81
2025-09-22T13:10:15.825, 299.42, 62.10, 296.38, 56.24
2025-09-22T13:10:15.842, 294.84, 60.70, 293.54, 55.72
2025-09-22T13:10:15.858, 292.11, 59.68, 290.68, 55.24
2025-09-22T13:10:15.875, 287.76, 58.48, 287.82, 54.81
2025-09-22T13:10:15.892, 283.53, 56.94, 284.94, 54.43
2025-09-22T13:10:15.909, 279.78, 55.80, 282.08, 54.10
2025-09-22T13:10:15.925, 275.55, 54.66, 279.19, 53.81
2025-09-22T13:10:15.942, 271.86, 53.55, 276.29, 53.57
2025-09-22T13:10:15.958, 269.12, 52.52, 273.41, 53.39
2025-09-22T13:10:15.975, 265.91, 51.80, 270.49, 53.24
2025-09-22T13:10:15.992, 262.16, 51.06, 267.61, 53.15
2025-09-22T13:10:16.008, 258.94, 50.72, 264.70, 53.11
2025-09-22T13:10:16.025, 254.60, 50.29, 261.80, 53.11
2025-09-22T13:10:16.042, 250.37, 49.52, 258.91, 53.16
2025-09-22T13:10:16.059, 246.67, 49.15, 256.01, 53.26
2025-09-22T13:10:16.075, 243.94, 49.15, 253.13, 53.41
2025-09-22T13:10:16.092, 241.20, 49.15, 250.23, 53.61
2025-09-22T13:10:16.108, 238.89, 49.15, 247.34, 53.86
2025-09-22T13:10:16.125, 236.59, 49.15, 244.45, 54.15
2025-09-22T13:10:16.141, 233.85, 49.15, 241.58, 54.49
2025-09-22T13:10:16.158, 231.12, 49.83, 238.70, 54.88
2025-09-22T13:10:16.175, 227.90, 50.91, 235.83, 55.32
2025-09-22T13:10:16.199, 223.80, 52.27, 232.99, 55.80
2025-09-22T13:10:16.208, 222.43, 52.61, 230.13, 56.33
2025-09-22T13:10:16.225, 219.70, 53.63, 227.29, 56.91
2025-09-22T13:10:16.242, 216.96, 54.99, 224.45, 57.54
2025-09-22T13:10:16.258, 214.23, 56.01, 221.64, 58.21
2025-09-22T13:10:16.275, 211.50, 57.03, 218.85, 58.93
2025-09-22T13:10:16.292, 209.19, 58.02, 216.03, 59.71
2025-09-22T13:10:16.308, 206.45, 59.38, 213.26, 60.52
2025-09-22T13:10:16.325, 203.72, 60.74, 210.50, 61.37
2025-09-22T13:10:16.342, 200.98, 62.10, 207.73, 62.29
2025-09-22T13:10:16.358, 198.25, 63.46, 205.00, 63.24
2025-09-22T13:10:16.375, 195.94, 64.76, 202.28, 64.24
2025-09-22T13:10:16.392, 192.27, 66.75, 199.58, 65.27
2025-09-22T13:10:16.408, 189.42, 68.53, 196.89, 66.36
2025-09-22T13:10:16.425, 186.57, 70.32, 194.23, 67.49
2025-09-22T13:10:16.442, 183.36, 71.73, 191.58, 68.67
2025-09-22T13:10:16.458, 180.51, 73.52, 188.95, 69.89
2025-09-22T13:10:16.475, 177.29, 74.94, 186.33, 71.16
2025-09-22T13:10:16.492, 174.45, 76.72, 183.76, 72.46
2025-09-22T13:10:16.508, 171.48, 78.93, 181.19, 73.82
2025-09-22T13:10:16.525, 168.52, 81.14, 178.66, 75.20
2025-09-22T13:10:16.542, 165.56, 83.73, 176.13, 76.64
2025-09-22T13:10:16.558, 162.60, 85.94, 173.65, 78.11
2025-09-22T13:10:16.575, 160.09, 88.44, 171.16, 79.64
2025-09-22T13:10:16.592, 157.70, 90.14, 168.71, 81.21
2025-09-22T13:10:16.608, 155.64, 92.19, 166.31, 82.80
2025-09-22T13:10:16.625, 153.76, 93.44, 163.91, 84.44
2025-09-22T13:10:16.642, 152.25, 94.63, 161.56, 86.12
2025-09-22T13:10:16.659, 150.73, 95.52, 159.22, 87.84
2025-09-22T13:10:16.675, 149.58, 96.37, 156.99, 89.53
2025-09-22T13:10:16.692, 148.72, 97.23, 154.65, 91.39
2025-09-22T13:10:16.708, 147.57, 98.08, 152.40, 93.22
2025-09-22T13:10:16.725, 146.71, 99.22, 150.19, 95.09
2025-09-22T13:10:16.742, 145.87, 100.05, 147.99, 97.01
2025-09-22T13:10:16.758, 145.35, 100.57, 145.85, 98.94
2025-09-22T13:10:16.775, 144.51, 101.11, 143.73, 100.93
2025-09-22T13:10:16.792, 144.22, 101.94, 141.64, 102.94
2025-09-22T13:10:16.808, 143.70, 102.45, 139.60, 104.98
2025-09-22T13:10:16.825, 143.44, 102.97, 137.58, 107.07
2025-09-22T13:10:16.842, 142.91, 103.48, 135.60, 109.18
2025-09-22T13:10:16.859, 142.39, 104.00, 133.66, 111.32
2025-09-22T13:10:16.875, 141.82, 105.14, 131.75, 113.50
2025-09-22T13:10:16.892, 140.76, 107.92, 133.68, 111.30
2025-09-22T13:10:16.908, 138.96, 111.13, 135.55, 109.23
2025-09-22T13:10:16.924, 137.11, 114.82, 137.60, 107.04
2025-09-22T13:10:16.942, 134.64, 119.39, 139.62, 104.96
2025-09-22T13:10:16.959, 133.38, 121.26, 141.66, 102.92
2025-09-22T13:10:16.976, 132.52, 122.40, 143.74, 100.91
2025-09-22T13:10:16.992, 131.99, 122.92, 145.87, 98.92
2025-09-22T13:10:17.008, 131.73, 123.43, 148.02, 96.99
2025-09-22T13:10:17.024, 131.47, 123.43, 150.20, 95.07
2025-09-22T13:10:17.041, 131.22, 123.43, 152.41, 93.21
2025-09-22T13:10:17.058, 130.98, 123.43, 154.66, 91.38
2025-09-22T13:10:17.074, 130.98, 123.43, 156.94, 89.58
2025-09-22T13:10:17.092, 130.74, 123.43, 159.23, 87.83
2025-09-22T13:10:17.108, 130.74, 123.43, 161.57, 86.11
2025-09-22T13:10:17.126, 130.74, 122.68, 163.93, 84.43
2025-09-22T13:10:17.142, 130.74, 120.79, 166.32, 82.79
2025-09-22T13:10:17.158, 131.42, 118.06, 168.74, 81.19
2025-09-22T13:10:17.175, 134.56, 114.48, 171.19, 79.63
2025-09-22T13:10:17.192, 138.86, 109.77, 173.66, 78.10
2025-09-22T13:10:17.208, 144.29, 104.34, 176.15, 76.63
2025-09-22T13:10:17.225, 148.00, 99.80, 178.67, 75.20
2025-09-22T13:10:17.242, 152.30, 95.09, 181.20, 73.81
2025-09-22T13:10:17.258, 155.47, 91.11, 183.77, 72.46
2025-09-22T13:10:17.275, 157.52, 89.06, 186.36, 71.15
2025-09-22T13:10:17.292, 159.08, 87.49, 188.98, 69.88
2025-09-22T13:10:17.308, 160.64, 85.92, 191.60, 68.66
2025-09-22T13:10:17.325, 163.96, 83.70, 194.25, 67.49
2025-09-22T13:10:17.342, 166.83, 81.56, 196.92, 66.35
2025-09-22T13:10:17.359, 170.52, 79.34, 199.60, 65.27
2025-09-22T13:10:17.375, 173.84, 77.13, 202.29, 64.23
2025-09-22T13:10:17.392, 176.71, 74.99, 205.04, 63.22
2025-09-22T13:10:17.408, 179.21, 72.85, 207.76, 62.28
2025-09-22T13:10:17.425, 182.80, 69.62, 210.50, 61.37
2025-09-22T13:10:17.442, 187.30, 66.30, 213.29, 60.51
2025-09-22T13:10:17.459, 196.19, 60.52, 216.07, 59.70
2025-09-22T13:10:17.475, 202.98, 56.89, 218.87, 58.93
2025-09-22T13:10:17.492, 210.22, 53.72, 221.66, 58.21
2025-09-22T13:10:17.509, 217.46, 51.46, 224.49, 57.54
2025-09-22T13:10:17.525, 224.05, 49.25, 227.32, 56.91
2025-09-22T13:10:17.542, 228.39, 48.05, 230.15, 56.33
2025-09-22T13:10:17.558, 233.74, 46.80, 233.00, 55.80
2025-09-22T13:10:17.575, 237.96, 45.63, 235.85, 55.31
2025-09-22T13:10:17.593, 242.19, 44.86, 238.74, 54.87
2025-09-22T13:10:17.609, 246.41, 44.09, 241.60, 54.49
2025-09-22T13:10:17.625, 250.63, 43.70, 244.47, 54.15
2025-09-22T13:10:17.641, 255.62, 43.24, 247.36, 53.85
2025-09-22T13:10:17.658, 260.97, 43.24, 250.25, 53.61
2025-09-22T13:10:17.675, 265.73, 43.24, 253.15, 53.41
2025-09-22T13:10:17.692, 269.41, 43.24, 256.03, 53.26
2025-09-22T13:10:17.708, 273.10, 43.24, 258.93, 53.16
2025-09-22T13:10:17.724, 275.40, 43.58, 261.73, 53.11
2025-09-22T13:10:17.742, 278.13, 44.26, 264.72, 53.11
2025-09-22T13:10:17.759, 280.43, 44.91, 267.63, 53.15
2025-09-22T13:10:17.775, 284.12, 46.39, 270.51, 53.24
2025-09-22T13:10:17.792, 288.34, 48.32, 273.43, 53.39
2025-09-22T13:10:17.808, 291.18, 49.76, 276.24, 53.57
2025-09-22T13:10:17.825, 294.39, 51.18, 279.20, 53.81
2025-09-22T13:10:17.842, 297.11, 52.54, 282.09, 54.10
2025-09-22T13:10:17.858, 299.41, 53.84, 284.96, 54.43
2025-09-22T13:10:17.875, 301.29, 54.78, 287.84, 54.81
2025-09-22T13:10:17.892, 303.16, 56.03, 290.71, 55.24
2025-09-22T13:10:17.908, 305.46, 57.34, 293.56, 55.72
2025-09-22T13:10:17.925, 307.85, 59.04, 296.40, 56.24
2025-09-22T13:10:17.941, 310.58, 60.40, 299.24, 56.82
2025-09-22T13:10:17.958, 312.96, 62.10, 302.08, 57.44
2025-09-22T13:10:17.975, 316.63, 64.09, 304.91, 58.10
2025-09-22T13:10:17.992, 317.57, 64.71, 307.72, 58.82
2025-09-22T13:10:18.008, 320.80, 66.64, 310.51, 59.58
2025-09-22T13:10:18.025, 322.77, 68.29, 313.30, 60.39
2025-09-22T13:10:18.042, 324.64, 69.54, 316.06, 61.23
2025-09-22T13:10:18.058, 326.15, 70.73, 318.82, 62.14
2025-09-22T13:10:18.075, 327.29, 71.88, 321.55, 63.08
2025-09-22T13:10:18.092, 328.43, 72.73, 324.28, 64.07
2025-09-22T13:10:18.108, 329.29, 73.87, 326.99, 65.11
2025-09-22T13:10:18.125, 330.79, 74.78, 329.68, 66.19
2025-09-22T13:10:18.142, 332.30, 75.98, 332.36, 67.32
2025-09-22T13:10:18.158, 333.81, 77.17, 335.00, 68.48
2025-09-22T13:10:18.175, 335.68, 78.42, 337.62, 69.69
2025-09-22T13:10:18.192, 337.56, 79.36, 340.25, 70.96
2025-09-22T13:10:18.208, 339.07, 80.55, 342.83, 72.25
2025-09-22T13:10:18.225, 340.21, 81.13, 345.41, 73.60
2025-09-22T13:10:18.242, 342.08, 82.38, 347.96, 74.99
2025-09-22T13:10:18.258, 343.59, 83.29, 350.47, 76.41
2025-09-22T13:10:18.275, 345.89, 84.59, 352.97, 77.88
2025-09-22T13:10:18.292, 347.77, 85.84, 355.45, 79.40
2025-09-22T13:10:18.309, 349.64, 87.09, 357.89, 80.95
2025-09-22T13:10:18.325, 352.51, 89.22, 360.31, 82.54
2025-09-22T13:10:18.342, 355.46, 91.43, 362.70, 84.17
2025-09-22T13:10:18.358, 359.48, 94.23, 365.07, 85.85
2025-09-22T13:10:18.375, 365.20, 97.74, 367.33, 87.50
2025-09-22T13:10:18.392, 370.29, 101.14, 369.71, 89.31
2025-09-22T13:10:18.408, 374.94, 104.05, 372.01, 91.11
2025-09-22T13:10:18.425, 380.26, 107.56, 374.24, 92.92
2025-09-22T13:10:18.441, 385.80, 111.72, 376.43, 94.76
2025-09-22T13:10:18.458, 391.71, 115.88, 378.65, 96.69
2025-09-22T13:10:18.475, 394.63, 118.09, 380.81, 98.63
2025-09-22T13:10:18.492, 399.02, 120.89, 382.93, 100.60
2025-09-22T13:10:18.508, 402.34, 123.10, 385.02, 102.61
2025-09-22T13:10:18.525, 405.18, 125.26, 387.08, 104.66
2025-09-22T13:10:18.542, 407.68, 127.39, 389.09, 106.72
2025-09-22T13:10:18.558, 410.13, 128.92, 391.09, 108.84
2025-09-22T13:10:18.575, 410.96, 129.75, 393.04, 110.98
2025-09-22T13:10:18.591, 411.47, 130.27, 394.95, 113.15
2025-09-22T13:10:18.608, 411.99, 130.52, 396.83, 115.36
2025-09-22T13:10:18.625, 412.23, 130.52, 398.67, 117.59
2025-09-22T13:10:18.642, 412.49, 130.78, 400.47, 119.86
2025-09-22T13:10:18.658, 412.75, 131.04, 402.24, 122.17
2025-09-22T13:10:18.675, 412.99, 131.04, 403.98, 124.50
2025-09-22T13:10:18.691, 412.99, 131.04, 405.67, 126.86
2025-09-22T13:10:18.708, 412.99, 131.04, 407.31, 129.23
2025-09-22T13:10:18.724, 412.99, 131.04, 408.92, 131.65
2025-09-22T13:10:18.741, 412.99, 131.04, 410.49, 134.07
2025-09-22T13:10:18.758, 412.99, 131.04, 412.02, 136.54
2025-09-22T13:10:18.774, 412.99, 131.04, 413.51, 139.03
2025-09-22T13:10:18.791, 412.99, 131.04, 414.95, 141.54
2025-09-22T13:10:18.808, 412.99, 131.04, 416.35, 144.08
2025-09-22T13:10:18.824, 412.99, 131.04, 417.71, 146.63
2025-09-22T13:10:18.841, 412.99, 131.04, 419.03, 149.21
2025-09-22T13:10:18.858, 412.99, 131.04, 420.31, 151.82
2025-09-22T13:10:18.875, 412.99, 131.04, 421.53, 154.43
2025-09-22T13:10:18.892, 412.99, 131.04, 420.29, 151.79
2025-09-22T13:10:18.908, 412.99, 131.04, 419.02, 149.20
2025-09-22T13:10:18.924, 412.99, 131.04, 417.70, 146.61
2025-09-22T13:10:18.941, 412.99, 131.04, 416.34, 144.06
2025-09-22T13:10:18.958, 412.99, 131.04, 414.93, 141.51
2025-09-22T13:10:18.974, 412.99, 131.04, 413.49, 139.00
2025-09-22T13:10:18.992, 412.99, 131.04, 412.01, 136.53
2025-09-22T13:10:19.008, 412.99, 131.27, 410.48, 134.06
2025-09-22T13:10:19.026, 412.99, 131.51, 408.90, 131.62
2025-09-22T13:10:19.042, 412.99, 132.02, 407.30, 129.22
2025-09-22T13:10:19.059, 413.87, 133.22, 405.65, 126.83
2025-09-22T13:10:19.075, 414.78, 134.73, 403.97, 124.48
2025-09-22T13:10:19.092, 415.98, 136.23, 402.22, 122.14
2025-09-22T13:10:19.108, 417.14, 138.00, 400.46, 119.85
2025-09-22T13:10:19.125, 417.66, 138.52, 398.66, 117.58
2025-09-22T13:10:19.141, 417.66, 138.52, 396.82, 115.35
2025-09-22T13:10:19.158, 417.66, 138.52, 394.93, 113.12
2025-09-22T13:10:19.176, 417.17, 137.78, 393.02, 110.96
2025-09-22T13:10:19.192, 415.12, 135.67, 391.06, 108.81
2025-09-22T13:10:19.208, 409.76, 130.71, 389.08, 106.71
2025-09-22T13:10:19.225, 403.22, 125.56, 387.06, 104.63
2025-09-22T13:10:19.242, 399.19, 122.33, 385.00, 102.58
2025-09-22T13:10:19.259, 395.59, 118.72, 382.91, 100.59
2025-09-22T13:10:19.278, 392.63, 116.13, 380.80, 98.62
2025-09-22T13:10:19.291, 390.57, 114.08, 378.63, 96.67
2025-09-22T13:10:19.308, 387.88, 110.61, 376.45, 94.77
2025-09-22T13:10:19.325, 385.29, 107.65, 374.24, 92.92
2025-09-22T13:10:19.342, 382.13, 104.50, 371.98, 91.09
2025-09-22T13:10:19.358, 378.53, 100.84, 369.70, 89.30
2025-09-22T13:10:19.375, 374.95, 97.26, 367.38, 87.54
2025-09-22T13:10:19.391, 371.99, 94.30, 365.05, 85.84
2025-09-22T13:10:19.408, 369.48, 91.79, 362.68, 84.16
2025-09-22T13:10:19.425, 367.43, 89.73, 360.28, 82.52
2025-09-22T13:10:19.441, 365.86, 88.16, 357.86, 80.93
2025-09-22T13:10:19.458, 364.34, 86.96, 355.42, 79.38
2025-09-22T13:10:19.475, 362.82, 85.76, 352.94, 77.87
2025-09-22T13:10:19.492, 361.31, 84.87, 350.45, 76.40
2025-09-22T13:10:19.508, 359.43, 83.92, 347.93, 74.97
2025-09-22T13:10:19.525, 357.91, 83.32, 345.38, 73.58
2025-09-22T13:10:19.542, 355.60, 82.32, 342.82, 72.25
2025-09-22T13:10:19.558, 352.39, 80.89, 340.22, 70.94
2025-09-22T13:10:19.575, 348.69, 79.41, 337.61, 69.68
2025-09-22T13:10:19.592, 344.94, 77.93, 334.98, 68.47
2025-09-22T13:10:19.608, 340.18, 75.94, 332.33, 67.30
2025-09-22T13:10:19.625, 335.95, 74.00, 329.65, 66.18
2025-09-22T13:10:19.642, 329.33, 70.88, 326.96, 65.09
2025-09-22T13:10:19.658, 324.31, 68.32, 324.26, 64.06
2025-09-22T13:10:19.675, 319.55, 66.73, 321.55, 63.08
2025-09-22T13:10:19.691, 314.19, 65.08, 318.80, 62.13
2025-09-22T13:10:19.708, 307.59, 63.32, 316.04, 61.23
2025-09-22T13:10:19.725, 300.28, 61.03, 313.26, 60.38
2025-09-22T13:10:19.742, 293.03, 59.21, 310.49, 59.57
2025-09-22T13:10:19.758, 285.28, 56.86, 307.69, 58.81
2025-09-22T13:10:19.775, 281.53, 56.12, 304.89, 58.10
2025-09-22T13:10:19.792, 277.30, 54.95, 302.06, 57.43
2025-09-22T13:10:19.808, 274.09, 54.24, 299.23, 56.81
2025-09-22T13:10:19.825, 271.35, 53.89, 296.38, 56.24
2025-09-22T13:10:19.842, 267.60, 53.50, 293.54, 55.72
2025-09-22T13:10:19.858, 263.85, 53.50, 290.68, 55.24
2025-09-22T13:10:19.875, 257.90, 53.07, 287.80, 54.81
2025-09-22T13:10:19.891, 254.15, 53.07, 284.94, 54.43
2025-09-22T13:10:19.908, 249.92, 53.07, 282.16, 54.11
2025-09-22T13:10:19.925, 246.17, 53.07, 279.17, 53.81
2025-09-22T13:10:19.942, 242.47, 53.07, 276.27, 53.57
2025-09-22T13:10:19.958, 239.26, 53.07, 273.39, 53.38
2025-09-22T13:10:19.975, 234.43, 53.07, 270.51, 53.24
2025-09-22T13:10:19.991, 229.44, 53.52, 267.73, 53.15
2025-09-22T13:10:20.008, 225.69, 53.86, 264.70, 53.11
2025-09-22T13:10:20.025, 221.46, 54.62, 261.80, 53.11
2025-09-22T13:10:20.042, 217.77, 55.36, 258.91, 53.16
2025-09-22T13:10:20.058, 214.07, 56.09, 256.01, 53.26
2025-09-22T13:10:20.075, 209.73, 57.19, 253.13, 53.41
2025-09-22T13:10:20.092, 206.94, 58.18, 250.21, 53.61
2025-09-22T13:10:20.108, 202.71, 59.32, 247.34, 53.86
2025-09-22T13:10:20.125, 199.01, 60.42, 244.47, 54.15
2025-09-22T13:10:20.142, 195.80, 61.84, 241.56, 54.49
2025-09-22T13:10:20.159, 191.57, 63.77, 238.70, 54.88
2025-09-22T13:10:20.175, 186.39, 66.68, 235.83, 55.32
2025-09-22T13:10:20.192, 181.38, 69.68, 232.97, 55.80
2025-09-22T13:10:20.208, 178.16, 71.13, 230.13, 56.33
2025-09-22T13:10:20.225, 174.95, 72.91, 227.29, 56.91
2025-09-22T13:10:20.241, 172.10, 74.70, 224.45, 57.54
2025-09-22T13:10:20.258, 169.36, 76.06, 221.63, 58.22
2025-09-22T13:10:20.275, 166.94, 77.79, 218.85, 58.93
2025-09-22T13:10:20.291, 164.52, 79.52, 216.03, 59.71
2025-09-22T13:10:20.308, 162.55, 81.17, 213.26, 60.52
2025-09-22T13:10:20.325, 160.67, 82.42, 210.49, 61.38
2025-09-22T13:10:20.341, 158.79, 83.67, 207.75, 62.28
2025-09-22T13:10:20.358, 157.27, 84.55, 205.00, 63.24
2025-09-22T13:10:20.375, 155.75, 85.75, 202.29, 64.23
2025-09-22T13:10:20.391, 154.61, 86.89, 199.58, 65.27
2025-09-22T13:10:20.408, 153.09, 88.08, 196.89, 66.36
2025-09-22T13:10:20.425, 151.94, 89.22, 194.22, 67.50
2025-09-22T13:10:20.442, 150.79, 90.36, 191.55, 68.69
2025-09-22T13:10:20.458, 149.64, 91.50, 189.09, 69.83
2025-09-22T13:10:20.475, 148.81, 92.33, 186.35, 71.15
2025-09-22T13:10:20.492, 148.29, 92.85, 183.76, 72.46
2025-09-22T13:10:20.508, 148.02, 93.68, 181.19, 73.82
2025-09-22T13:10:20.525, 147.50, 94.19, 178.66, 75.20
2025-09-22T13:10:20.541, 146.95, 95.02, 176.27, 76.56
2025-09-22T13:10:20.558, 146.69, 95.54, 173.63, 78.12
2025-09-22T13:10:20.575, 146.16, 96.05, 171.18, 79.63
2025-09-22T13:10:20.592, 145.88, 96.88, 168.73, 81.20
2025-09-22T13:10:20.608, 145.61, 97.39, 166.31, 82.80
2025-09-22T13:10:20.625, 145.06, 98.22, 163.93, 84.43
2025-09-22T13:10:20.642, 144.49, 99.36, 161.56, 86.12
2025-09-22T13:10:20.659, 143.94, 100.19, 159.22, 87.84
2025-09-22T13:10:20.675, 143.36, 101.33, 156.91, 89.60
2025-09-22T13:10:20.691, 142.47, 102.84, 154.77, 91.29
2025-09-22T13:10:20.708, 141.86, 104.35, 152.52, 93.12
2025-09-22T13:10:20.725, 140.66, 106.43, 150.18, 95.10
2025-09-22T13:10:20.742, 139.74, 107.93, 147.99, 97.01
2025-09-22T13:10:20.758, 139.13, 109.44, 145.85, 98.94
2025-09-22T13:10:20.775, 138.53, 110.95, 143.73, 100.93
2025-09-22T13:10:20.792, 137.64, 112.46, 141.65, 102.93
2025-09-22T13:10:20.808, 137.03, 113.96, 139.60, 104.98
2025-09-22T13:10:20.825, 136.43, 115.47, 137.58, 107.07
2025-09-22T13:10:20.842, 135.56, 116.61, 135.60, 109.18
2025-09-22T13:10:20.858, 134.96, 118.12, 133.65, 111.33
2025-09-22T13:10:20.875, 134.01, 120.00, 131.75, 113.50