timestamp, mouseX, mouseY, flowerX, flowerY
2025-09-22T13:31:37.948, 127.36, 115.36, 135.42, 112.30
2025-09-22T13:31:37.965, 127.36, 115.36, 137.39, 110.12
2025-09-22T13:31:37.982, 127.36, 115.36, 139.39, 107.97
2025-09-22T13:31:37.998, 127.36, 115.36, 141.43, 105.86
2025-09-22T13:31:38.016, 127.36, 115.36, 143.50, 103.78
2025-09-22T13:31:38.032, 127.36, 115.36, 145.60, 101.74
2025-09-22T13:31:38.048, 127.36, 115.36, 147.74, 99.73
2025-09-22T13:31:38.066, 127.36, 115.36, 149.89, 97.78
2025-09-22T13:31:38.082, 127.36, 115.36, 152.11, 95.84
2025-09-22T13:31:38.100, 127.48, 114.55, 154.35, 93.94
2025-09-22T13:31:38.117, 127.48, 113.35, 156.62, 92.07
2025-09-22T13:31:38.133, 128.41, 111.47, 158.92, 90.25
2025-09-22T13:31:38.150, 129.72, 109.16, 161.24, 88.47
2025-09-22T13:31:38.166, 131.93, 105.83, 163.59, 86.74
2025-09-22T13:31:38.182, 134.73, 101.80, 165.98, 85.03
2025-09-22T13:31:38.199, 138.98, 97.55, 168.40, 83.36
2025-09-22T13:31:38.216, 144.24, 92.70, 170.84, 81.74
2025-09-22T13:31:38.232, 147.47, 89.63, 173.30, 80.16
2025-09-22T13:31:38.249, 151.57, 85.92, 175.78, 78.63
2025-09-22T13:31:38.266, 154.89, 83.70, 178.31, 77.12
2025-09-22T13:31:38.282, 158.58, 81.48, 180.86, 75.66
2025-09-22T13:31:38.299, 163.40, 79.83, 183.41, 74.26
2025-09-22T13:31:38.316, 167.14, 78.69, 186.01, 72.88
2025-09-22T13:31:38.332, 171.90, 77.50, 188.63, 71.55
2025-09-22T13:31:38.349, 177.25, 76.64, 191.27, 70.26
2025-09-22T13:31:38.365, 182.00, 75.85, 193.93, 69.02
2025-09-22T13:31:38.382, 185.69, 75.11, 196.59, 67.83
2025-09-22T13:31:38.399, 188.90, 74.76, 199.30, 66.68
2025-09-22T13:31:38.416, 191.63, 74.42, 202.00, 65.58
2025-09-22T13:31:38.432, 193.93, 73.76, 204.74, 64.51
2025-09-22T13:31:38.449, 195.80, 73.44, 207.49, 63.50
2025-09-22T13:31:38.466, 198.10, 72.78, 210.26, 62.53
2025-09-22T13:31:38.482, 200.40, 72.12, 213.04, 61.61
2025-09-22T13:31:38.499, 203.13, 71.09, 215.84, 60.73
2025-09-22T13:31:38.516, 208.66, 69.61, 218.64, 59.90
2025-09-22T13:31:38.532, 212.35, 68.50, 221.47, 59.12
2025-09-22T13:31:38.549, 215.55, 67.41, 224.31, 58.38
2025-09-22T13:31:38.565, 219.24, 66.30, 227.15, 57.70
2025-09-22T13:31:38.582, 221.97, 65.27, 230.02, 57.06
2025-09-22T13:31:38.599, 225.18, 64.18, 232.89, 56.46
2025-09-22T13:31:38.615, 228.38, 63.13, 235.76, 55.92
2025-09-22T13:31:38.632, 231.59, 61.70, 238.67, 55.42
2025-09-22T13:31:38.650, 235.81, 60.54, 241.54, 54.98
2025-09-22T13:31:38.666, 240.04, 59.00, 244.47, 54.57
2025-09-22T13:31:38.684, 243.72, 58.25, 247.37, 54.22
2025-09-22T13:31:38.699, 246.45, 57.57, 250.29, 53.92
2025-09-22T13:31:38.716, 248.75, 57.25, 253.21, 53.66
2025-09-22T13:31:38.732, 250.26, 56.96, 256.13, 53.46
2025-09-22T13:31:38.749, 251.77, 56.96, 259.06, 53.30
2025-09-22T13:31:38.766, 253.64, 56.64, 262.00, 53.19
2025-09-22T13:31:38.782, 256.37, 56.64, 264.91, 53.14
2025-09-22T13:31:38.799, 259.57, 56.30, 267.85, 53.13
2025-09-22T13:31:38.816, 262.78, 56.30, 270.79, 53.16
2025-09-22T13:31:38.832, 265.99, 55.93, 273.71, 53.25
2025-09-22T13:31:38.849, 268.71, 55.93, 276.64, 53.39
2025-09-22T13:31:38.866, 271.02, 55.93, 279.57, 53.57
2025-09-22T13:31:38.882, 272.89, 55.93, 282.48, 53.81
2025-09-22T13:31:38.899, 274.40, 55.93, 285.41, 54.09
2025-09-22T13:31:38.916, 275.91, 55.93, 288.31, 54.42
2025-09-22T13:31:38.932, 277.78, 55.93, 291.24, 54.80
2025-09-22T13:31:38.949, 280.51, 55.93, 294.12, 55.23
2025-09-22T13:31:38.966, 283.23, 55.93, 297.00, 55.70
2025-09-22T13:31:38.982, 285.96, 56.61, 299.89, 56.23
2025-09-22T13:31:38.999, 288.74, 57.29, 302.76, 56.80
2025-09-22T13:31:39.015, 291.04, 57.94, 305.65, 57.42
2025-09-22T13:31:39.032, 293.34, 58.59, 308.49, 58.09
2025-09-22T13:31:39.049, 297.01, 59.93, 311.34, 58.80
2025-09-22T13:31:39.065, 301.23, 61.46, 314.16, 59.56
2025-09-22T13:31:39.082, 306.21, 63.49, 317.00, 60.38
2025-09-22T13:31:39.099, 310.77, 65.47, 319.79, 61.23
2025-09-22T13:31:39.115, 315.76, 67.51, 322.58, 62.14
2025-09-22T13:31:39.132, 319.98, 69.80, 325.36, 63.09
2025-09-22T13:31:39.149, 325.33, 72.26, 328.11, 64.08
2025-09-22T13:31:39.166, 330.68, 74.72, 330.85, 65.12
2025-09-22T13:31:39.182, 337.28, 77.80, 333.56, 66.21
2025-09-22T13:31:39.199, 343.45, 80.46, 336.27, 67.34
2025-09-22T13:31:39.215, 347.78, 82.42, 338.96, 68.52
2025-09-22T13:31:39.232, 352.00, 84.34, 341.62, 69.74
2025-09-22T13:31:39.249, 355.21, 85.76, 344.27, 71.00
2025-09-22T13:31:39.266, 357.09, 86.70, 346.89, 72.32
2025-09-22T13:31:39.282, 358.23, 87.27, 349.50, 73.67
2025-09-22T13:31:39.299, 359.05, 87.81, 352.07, 75.06
2025-09-22T13:31:39.316, 359.57, 88.33, 354.62, 76.51
2025-09-22T13:31:39.332, 360.40, 88.61, 357.14, 77.98
2025-09-22T13:31:39.349, 361.23, 89.16, 359.65, 79.51
2025-09-22T13:31:39.366, 362.37, 89.73, 362.14, 81.08
2025-09-22T13:31:39.382, 363.88, 90.32, 364.58, 82.68
2025-09-22T13:31:39.399, 365.02, 90.89, 367.01, 84.33
2025-09-22T13:31:39.416, 366.52, 91.49, 369.40, 86.01
2025-09-22T13:31:39.432, 367.66, 92.35, 371.78, 87.75
2025-09-22T13:31:39.449, 369.17, 93.26, 374.11, 89.50
2025-09-22T13:31:39.465, 371.05, 94.20, 376.42, 91.30
2025-09-22T13:31:39.482, 372.92, 95.13, 378.70, 93.15
2025-09-22T13:31:39.499, 375.22, 96.44, 380.94, 95.02
2025-09-22T13:31:39.515, 377.95, 97.80, 383.16, 96.94
2025-09-22T13:31:39.532, 379.91, 99.45, 385.36, 98.91
2025-09-22T13:31:39.549, 382.21, 100.75, 387.51, 100.89
2025-09-22T13:31:39.565, 384.17, 102.40, 389.62, 102.91
2025-09-22T13:31:39.582, 387.07, 104.67, 391.70, 104.98
2025-09-22T13:31:39.599, 388.66, 106.27, 393.76, 107.08
2025-09-22T13:31:39.616, 390.17, 107.46, 395.76, 109.20
2025-09-22T13:31:39.632, 391.31, 108.32, 397.76, 111.38
2025-09-22T13:31:39.648, 391.88, 108.89, 399.69, 113.57
2025-09-22T13:31:39.666, 393.28, 110.29, 401.59, 115.78
2025-09-22T13:31:39.682, 395.16, 111.54, 403.47, 118.06
2025-09-22T13:31:39.699, 397.12, 113.18, 405.30, 120.34
2025-09-22T13:31:39.715, 399.53, 114.91, 407.08, 122.65
2025-09-22T13:31:39.732, 401.49, 116.56, 408.85, 125.02
2025-09-22T13:31:39.749, 403.09, 118.16, 410.55, 127.39
2025-09-22T13:31:39.765, 404.23, 119.01, 412.23, 129.80
2025-09-22T13:31:39.782, 405.05, 119.55, 413.81, 132.15
2025-09-22T13:31:39.799, 405.91, 120.41, 415.45, 134.69
2025-09-22T13:31:39.815, 406.74, 121.24, 417.00, 137.17
2025-09-22T13:31:39.832, 407.57, 122.07, 418.51, 139.69
2025-09-22T13:31:39.849, 408.11, 122.89, 419.98, 142.23
2025-09-22T13:31:39.865, 408.65, 123.72, 421.41, 144.80
2025-09-22T13:31:39.882, 409.59, 125.60, 422.79, 147.37
2025-09-22T13:31:39.899, 410.84, 127.47, 424.13, 149.98
2025-09-22T13:31:39.916, 412.57, 129.89, 425.42, 152.62
2025-09-22T13:31:39.932, 413.51, 131.76, 426.66, 155.24
2025-09-22T13:31:39.949, 414.08, 132.90, 425.42, 152.60
2025-09-22T13:31:39.966, 414.62, 133.73, 424.12, 149.97
2025-09-22T13:31:39.982, 414.88, 134.25, 422.79, 147.37
2025-09-22T13:31:39.998, 414.88, 134.25, 421.40, 144.78
2025-09-22T13:31:40.015, 414.88, 134.25, 419.97, 142.21
2025-09-22T13:31:40.032, 414.88, 134.25, 418.50, 139.67
2025-09-22T13:31:40.049, 414.88, 134.48, 416.99, 137.15
2025-09-22T13:31:40.066, 414.88, 134.72, 415.44, 134.68
2025-09-22T13:31:40.082, 414.88, 135.23, 413.86, 132.23
2025-09-22T13:31:40.099, 414.88, 135.75, 412.22, 129.79
2025-09-22T13:31:40.116, 414.88, 137.15, 410.54, 127.37
2025-09-22T13:31:40.133, 414.88, 137.98, 408.84, 125.01
2025-09-22T13:31:40.149, 414.88, 138.49, 407.08, 122.65
2025-09-22T13:31:40.165, 414.88, 138.49, 405.30, 120.34
2025-09-22T13:31:40.182, 414.88, 138.49, 403.46, 118.05
2025-09-22T13:31:40.198, 414.88, 138.49, 401.59, 115.78
2025-09-22T13:31:40.217, 414.64, 138.26, 399.68, 113.55
2025-09-22T13:31:40.233, 413.81, 137.42, 397.75, 111.37
2025-09-22T13:31:40.249, 412.95, 136.27, 395.76, 109.20
2025-09-22T13:31:40.266, 411.69, 134.39, 393.75, 107.07
2025-09-22T13:31:40.282, 410.48, 132.88, 391.70, 104.98
2025-09-22T13:31:40.299, 409.17, 130.57, 389.62, 102.91
2025-09-22T13:31:40.315, 406.79, 126.65, 387.51, 100.89
2025-09-22T13:31:40.332, 404.45, 123.16, 385.34, 98.89
2025-09-22T13:31:40.348, 402.12, 119.66, 383.16, 96.94
2025-09-22T13:31:40.365, 398.94, 115.69, 380.94, 95.02
2025-09-22T13:31:40.382, 396.72, 112.36, 378.70, 93.15
2025-09-22T13:31:40.399, 394.50, 109.03, 376.42, 91.30
2025-09-22T13:31:40.416, 392.29, 106.07, 374.11, 89.50
2025-09-22T13:31:40.433, 390.49, 103.22, 371.77, 87.74
2025-09-22T13:31:40.449, 387.90, 100.26, 369.40, 86.01
2025-09-22T13:31:40.466, 384.30, 96.66, 366.99, 84.32
2025-09-22T13:31:40.482, 380.72, 93.08, 364.62, 82.70
2025-09-22T13:31:40.499, 377.79, 90.86, 362.12, 81.07
2025-09-22T13:31:40.515, 373.81, 87.68, 359.64, 79.50
2025-09-22T13:31:40.532, 370.85, 85.09, 357.14, 77.98
2025-09-22T13:31:40.549, 367.89, 82.87, 354.61, 76.50
2025-09-22T13:31:40.565, 365.47, 81.13, 352.05, 75.06
2025-09-22T13:31:40.582, 362.73, 79.77, 349.47, 73.66
2025-09-22T13:31:40.599, 360.00, 78.40, 346.88, 72.31
2025-09-22T13:31:40.616, 356.79, 77.31, 344.25, 71.00
2025-09-22T13:31:40.632, 353.09, 75.83, 341.62, 69.74
2025-09-22T13:31:40.649, 349.88, 74.40, 338.95, 68.51
2025-09-22T13:31:40.666, 344.81, 72.98, 336.26, 67.33
2025-09-22T13:31:40.682, 342.08, 71.95, 333.56, 66.21
2025-09-22T13:31:40.699, 338.86, 70.89, 330.84, 65.12
2025-09-22T13:31:40.715, 335.65, 69.81, 328.11, 64.08
2025-09-22T13:31:40.732, 331.30, 68.19, 325.33, 63.08
2025-09-22T13:31:40.749, 327.61, 67.07, 322.58, 62.14
2025-09-22T13:31:40.765, 323.91, 65.96, 319.77, 61.23
2025-09-22T13:31:40.782, 321.18, 65.27, 316.98, 60.37
2025-09-22T13:31:40.799, 318.87, 64.30, 314.17, 59.57
2025-09-22T13:31:40.815, 316.99, 63.36, 311.32, 58.80
2025-09-22T13:31:40.832, 315.11, 62.72, 308.49, 58.09
2025-09-22T13:31:40.849, 312.80, 61.75, 305.63, 57.42
2025-09-22T13:31:40.865, 310.49, 60.75, 302.77, 56.80
2025-09-22T13:31:40.882, 307.75, 60.06, 299.89, 56.23
2025-09-22T13:31:40.899, 305.45, 59.72, 297.00, 55.70
2025-09-22T13:31:40.915, 302.71, 59.38, 294.11, 55.23
2025-09-22T13:31:40.932, 300.40, 58.71, 291.20, 54.80
2025-09-22T13:31:40.949, 298.09, 58.05, 288.31, 54.42
2025-09-22T13:31:40.966, 294.88, 57.34, 285.39, 54.09
2025-09-22T13:31:40.982, 290.05, 56.12, 282.48, 53.81
2025-09-22T13:31:40.999, 285.82, 55.35, 279.55, 53.57
2025-09-22T13:31:41.016, 279.87, 54.50, 276.62, 53.39
2025-09-22T13:31:41.032, 275.64, 54.50, 273.71, 53.25
2025-09-22T13:31:41.049, 270.28, 54.50, 270.77, 53.16
2025-09-22T13:31:41.065, 265.52, 54.50, 267.85, 53.13
2025-09-22T13:31:41.082, 261.29, 54.50, 264.91, 53.14
2025-09-22T13:31:41.099, 258.07, 54.50, 261.98, 53.20
2025-09-22T13:31:41.115, 254.38, 54.50, 259.04, 53.30
2025-09-22T13:31:41.132, 250.68, 54.50, 256.13, 53.46
2025-09-22T13:31:41.149, 247.46, 55.20, 253.20, 53.67
2025-09-22T13:31:41.166, 244.73, 55.54, 250.27, 53.92
2025-09-22T13:31:41.182, 241.94, 55.91, 247.37, 54.22
2025-09-22T13:31:41.198, 239.63, 56.25, 244.45, 54.58
2025-09-22T13:31:41.215, 236.81, 56.56, 241.54, 54.98
2025-09-22T13:31:41.232, 235.66, 56.85, 238.66, 55.42
2025-09-22T13:31:41.249, 234.51, 57.13, 235.78, 55.92
2025-09-22T13:31:41.266, 233.36, 57.42, 232.88, 56.47
2025-09-22T13:31:41.282, 231.85, 58.02, 230.02, 57.06
2025-09-22T13:31:41.299, 230.33, 58.61, 227.15, 57.70
2025-09-22T13:31:41.315, 228.45, 58.93, 224.30, 58.39
2025-09-22T13:31:41.332, 226.93, 59.21, 221.45, 59.12
2025-09-22T13:31:41.349, 225.42, 59.81, 218.64, 59.90
2025-09-22T13:31:41.365, 223.11, 60.15, 215.82, 60.73
2025-09-22T13:31:41.382, 220.80, 60.80, 213.04, 61.61
2025-09-22T13:31:41.399, 217.59, 61.88, 210.25, 62.53
2025-09-22T13:31:41.416, 214.85, 62.56, 207.49, 63.50
2025-09-22T13:31:41.432, 212.12, 63.58, 204.74, 64.51
2025-09-22T13:31:41.449, 209.38, 64.26, 202.00, 65.58
2025-09-22T13:31:41.465, 207.07, 65.25, 199.30, 66.68
2025-09-22T13:31:41.482, 204.77, 65.90, 196.58, 67.84
2025-09-22T13:31:41.499, 202.03, 66.92, 193.91, 69.03
2025-09-22T13:31:41.516, 199.72, 67.57, 191.25, 70.27
2025-09-22T13:31:41.532, 197.41, 68.23, 188.63, 71.55
2025-09-22T13:31:41.549, 194.68, 69.25, 186.01, 72.88
2025-09-22T13:31:41.565, 192.37, 70.21, 183.41, 74.26
2025-09-22T13:31:41.582, 189.05, 71.32, 180.84, 75.67
2025-09-22T13:31:41.599, 185.83, 72.73, 178.31, 77.12
2025-09-22T13:31:41.616, 183.10, 74.09, 175.80, 78.62
2025-09-22T13:31:41.632, 180.36, 75.11, 173.30, 80.16
2025-09-22T13:31:41.649, 177.63, 76.47, 170.83, 81.75
2025-09-22T13:31:41.666, 175.21, 78.20, 168.38, 83.37
2025-09-22T13:31:41.683, 172.90, 79.51, 165.98, 85.03
2025-09-22T13:31:41.699, 170.59, 80.50, 163.59, 86.74
2025-09-22T13:31:41.716, 168.71, 81.44, 161.23, 88.48
2025-09-22T13:31:41.732, 166.82, 82.38, 158.91, 90.26
2025-09-22T13:31:41.749, 163.98, 83.82, 156.61, 92.08
2025-09-22T13:31:41.766, 160.07, 86.34, 154.34, 93.95
2025-09-22T13:31:41.782, 157.77, 87.65, 152.10, 95.85
2025-09-22T13:31:41.799, 155.80, 88.98, 149.90, 97.77
2025-09-22T13:31:41.815, 154.28, 89.89, 147.84, 99.64
2025-09-22T13:31:41.832, 153.45, 90.44, 145.59, 101.76
2025-09-22T13:31:41.849, 152.92, 90.70, 143.49, 103.79
2025-09-22T13:31:41.866, 152.66, 90.95, 141.42, 105.87
2025-09-22T13:31:41.882, 152.14, 91.21, 139.39, 107.97
2025-09-22T13:31:41.899, 151.61, 91.73, 137.39, 110.12
2025-09-22T13:31:41.916, 150.78, 92.27, 135.42, 112.30
2025-09-22T13:31:41.932, 149.63, 93.41, 133.50, 114.50
2025-09-22T13:31:41.949, 148.43, 94.92, 135.44, 112.27
2025-09-22T13:31:41.966, 147.28, 96.06, 137.40, 110.11
2025-09-22T13:31:41.984, 146.44, 96.60, 139.40, 107.96
2025-09-22T13:31:41.999, 145.92, 97.12, 141.43, 105.86
2025-09-22T13:31:42.016, 145.66, 97.63, 143.50, 103.78
2025-09-22T13:31:42.032, 145.39, 97.89, 145.60, 101.74
2025-09-22T13:31:42.049, 145.15, 98.15, 147.74, 99.73
2025-09-22T13:31:42.065, 145.15, 98.15, 149.92, 97.76
2025-09-22T13:31:42.082, 144.91, 98.15, 152.12, 95.82
2025-09-22T13:31:42.099, 144.64, 98.39, 154.35, 93.94
2025-09-22T13:31:42.116, 144.40, 98.39, 156.62, 92.07
2025-09-22T13:31:42.132, 144.40, 98.63, 158.91, 90.26
2025-09-22T13:31:42.148, 144.14, 98.63, 161.24, 88.47
2025-09-22T13:31:42.165, 143.89, 98.88, 163.60, 86.73
2025-09-22T13:31:42.182, 143.64, 98.88, 165.98, 85.03
2025-09-22T13:31:42.198, 143.64, 98.88, 168.40, 83.36
2025-09-22T13:31:42.216, 143.64, 98.39, 170.83, 81.75
2025-09-22T13:31:42.233, 144.95, 96.79, 173.30, 80.16
2025-09-22T13:31:42.249, 146.91, 95.13, 175.80, 78.62
2025-09-22T13:31:42.267, 150.82, 92.75, 178.32, 77.12
2025-09-22T13:31:42.283, 155.75, 89.85, 180.86, 75.66
2025-09-22T13:31:42.299, 159.49, 87.98, 183.43, 74.25
2025-09-22T13:31:42.314, 163.88, 85.16, 185.88, 72.95
2025-09-22T13:31:42.332, 170.09, 81.27, 188.63, 71.55
2025-09-22T13:31:42.349, 172.93, 79.48, 191.27, 70.26
2025-09-22T13:31:42.366, 175.34, 77.74, 193.93, 69.02
2025-09-22T13:31:42.382, 176.85, 76.54, 196.61, 67.82
2025-09-22T13:31:42.399, 178.36, 75.62, 199.30, 66.68
2025-09-22T13:31:42.416, 179.50, 74.47, 202.02, 65.57
2025-09-22T13:31:42.432, 180.64, 73.89, 204.74, 64.51
2025-09-22T13:31:42.449, 181.86, 72.69, 207.49, 63.50
2025-09-22T13:31:42.465, 183.37, 71.49, 210.26, 62.53
2025-09-22T13:31:42.482, 185.67, 70.18, 213.02, 61.61
2025-09-22T13:31:42.498, 188.88, 68.38, 215.69, 60.78
2025-09-22T13:31:42.515, 192.57, 66.90, 218.66, 59.90
2025-09-22T13:31:42.532, 196.48, 64.99, 221.47, 59.12
2025-09-22T13:31:42.548, 202.48, 63.29, 224.31, 58.38
2025-09-22T13:31:42.565, 207.83, 61.64, 227.17, 57.69
2025-09-22T13:31:42.582, 213.77, 59.51, 230.03, 57.05
2025-09-22T13:31:42.599, 221.02, 57.25, 232.89, 56.46
2025-09-22T13:31:42.616, 228.26, 55.43, 235.78, 55.92
2025-09-22T13:31:42.632, 235.50, 53.62, 238.66, 55.42
2025-09-22T13:31:42.649, 242.74, 52.26, 241.58, 54.97
2025-09-22T13:31:42.666, 249.98, 51.36, 244.47, 54.57
2025-09-22T13:31:42.682, 255.45, 50.90, 247.38, 54.22
2025-09-22T13:31:42.699, 260.80, 50.90, 250.29, 53.92
2025-09-22T13:31:42.716, 265.02, 50.50, 253.20, 53.67
2025-09-22T13:31:42.732, 269.24, 50.50, 256.13, 53.46
2025-09-22T13:31:42.749, 271.97, 50.50, 259.06, 53.30
2025-09-22T13:31:42.766, 275.18, 50.50, 262.00, 53.19
2025-09-22T13:31:42.782, 277.90, 50.50, 264.91, 53.14
2025-09-22T13:31:42.799, 281.59, 50.50, 267.85, 53.13
2025-09-22T13:31:42.816, 285.33, 50.50, 270.77, 53.16
2025-09-22T13:31:42.833, 291.40, 51.63, 273.71, 53.25
2025-09-22T13:31:42.849, 294.61, 52.68, 276.64, 53.39
2025-09-22T13:31:42.865, 298.29, 53.79, 279.57, 53.57
2025-09-22T13:31:42.882, 301.02, 55.14, 282.48, 53.81
2025-09-22T13:31:42.899, 304.23, 56.93, 285.41, 54.09
2025-09-22T13:31:42.914, 305.16, 57.55, 288.17, 54.40
2025-09-22T13:31:42.932, 309.85, 60.08, 291.22, 54.80
2025-09-22T13:31:42.949, 313.17, 62.29, 294.12, 55.23
2025-09-22T13:31:42.966, 317.27, 64.72, 297.00, 55.70
2025-09-22T13:31:42.982, 320.59, 66.57, 299.89, 56.23
2025-09-22T13:31:42.999, 323.32, 67.93, 302.78, 56.80
2025-09-22T13:31:43.016, 325.20, 69.18, 305.65, 57.42
2025-09-22T13:31:43.032, 326.70, 70.09, 308.33, 58.05
2025-09-22T13:31:43.049, 328.21, 71.28, 311.32, 58.80
2025-09-22T13:31:43.064, 329.15, 71.59, 314.02, 59.53
2025-09-22T13:31:43.082, 331.59, 73.10, 316.98, 60.37
2025-09-22T13:31:43.099, 333.10, 74.01, 319.79, 61.23
2025-09-22T13:31:43.116, 334.61, 74.89, 322.57, 62.13
2025-09-22T13:31:43.132, 335.75, 75.46, 325.34, 63.08
2025-09-22T13:31:43.150, 336.58, 76.01, 328.11, 64.08
2025-09-22T13:31:43.166, 337.09, 76.27, 330.85, 65.12
2025-09-22T13:31:43.183, 337.92, 76.55, 333.58, 66.21
2025-09-22T13:31:43.199, 338.75, 77.09, 336.27, 67.34
2025-09-22T13:31:43.215, 339.58, 77.64, 338.96, 68.52
2025-09-22T13:31:43.232, 340.72, 78.21, 341.62, 69.74
2025-09-22T13:31:43.248, 342.23, 78.80, 344.12, 70.94
2025-09-22T13:31:43.264, 344.10, 80.05, 346.75, 72.25
2025-09-22T13:31:43.282, 345.98, 80.99, 349.48, 73.66
2025-09-22T13:31:43.299, 348.28, 82.30, 352.07, 75.06
2025-09-22T13:31:43.315, 350.58, 83.60, 354.62, 76.51
2025-09-22T13:31:43.332, 352.45, 84.85, 357.14, 77.98
2025-09-22T13:31:43.349, 354.87, 86.58, 359.65, 79.51
2025-09-22T13:31:43.365, 357.37, 88.71, 362.14, 81.08
2025-09-22T13:31:43.383, 361.80, 92.03, 364.59, 82.69
2025-09-22T13:31:43.399, 364.75, 94.24, 367.01, 84.33
2025-09-22T13:31:43.415, 368.86, 97.95, 369.41, 86.02
2025-09-22T13:31:43.432, 372.96, 101.65, 371.78, 87.75
2025-09-22T13:31:43.449, 377.80, 106.01, 374.11, 89.50
2025-09-22T13:31:43.466, 382.19, 110.40, 376.43, 91.31
2025-09-22T13:31:43.482, 386.43, 115.07, 378.70, 93.15
2025-09-22T13:31:43.499, 389.57, 118.21, 380.95, 95.03
2025-09-22T13:31:43.515, 392.75, 122.18, 383.16, 96.94
2025-09-22T13:31:43.532, 395.44, 126.01, 385.36, 98.91
2025-09-22T13:31:43.549, 397.65, 129.33, 387.51, 100.89
2025-09-22T13:31:43.566, 399.43, 132.17, 389.63, 102.93
2025-09-22T13:31:43.582, 400.74, 134.47, 391.70, 104.98
2025-09-22T13:31:43.599, 401.93, 135.98, 393.76, 107.08
2025-09-22T13:31:43.617, 402.53, 137.48, 395.78, 109.21
2025-09-22T13:31:43.632, 403.07, 138.31, 397.75, 111.37
2025-09-22T13:31:43.649, 403.33, 138.83, 399.69, 113.57
2025-09-22T13:31:43.666, 403.62, 139.66, 401.59, 115.78
2025-09-22T13:31:43.683, 403.88, 140.17, 403.46, 118.05
2025-09-22T13:31:43.699, 404.39, 140.69, 405.31, 120.36
2025-09-22T13:31:43.716, 404.39, 141.20, 407.09, 122.67
2025-09-22T13:31:43.732, 404.65, 141.72, 408.84, 125.01
2025-09-22T13:31:43.749, 404.91, 141.98, 410.55, 127.39
2025-09-22T13:31:43.764, 404.91, 141.98, 412.14, 129.67
2025-09-22T13:31:43.781, 404.91, 141.98, 413.77, 132.09
2025-09-22T13:31:43.798, 404.91, 141.98, 415.45, 134.69
2025-09-22T13:31:43.815, 404.91, 141.98, 417.01, 137.18
2025-09-22T13:31:43.832, 405.14, 141.98, 418.51, 139.69
2025-09-22T13:31:43.848, 405.14, 141.98, 419.98, 142.23
2025-09-22T13:31:43.865, 405.14, 141.98, 421.33, 144.66
2025-09-22T13:31:43.882, 405.14, 141.98, 422.79, 147.39
2025-09-22T13:31:43.899, 405.37, 141.98, 424.13, 150.00
2025-09-22T13:31:43.915, 405.37, 141.98, 425.42, 152.60
2025-09-22T13:31:43.932, 405.60, 141.98, 426.67, 155.26
2025-09-22T13:31:43.948, 405.84, 141.98, 425.41, 152.59
2025-09-22T13:31:43.965, 406.08, 141.98, 424.12, 149.97
2025-09-22T13:31:43.982, 406.08, 141.98, 422.78, 147.35
2025-09-22T13:31:43.998, 406.32, 141.98, 421.40, 144.78
2025-09-22T13:31:44.015, 406.32, 141.98, 419.97, 142.21
2025-09-22T13:31:44.032, 406.32, 141.98, 418.51, 139.69
2025-09-22T13:31:44.048, 406.32, 141.98, 417.06, 137.27
2025-09-22T13:31:44.065, 406.32, 141.98, 415.44, 134.68
2025-09-22T13:31:44.082, 406.55, 141.98, 413.85, 132.21
2025-09-22T13:31:44.098, 406.55, 141.98, 412.22, 129.79
2025-09-22T13:31:44.116, 406.78, 141.98, 410.55, 127.39
2025-09-22T13:31:44.132, 406.78, 141.98, 408.84, 125.01
2025-09-22T13:31:44.149, 406.78, 141.98, 407.07, 122.64
2025-09-22T13:31:44.165, 406.78, 141.98, 405.30, 120.34
2025-09-22T13:31:44.182, 406.78, 141.98, 403.45, 118.03
2025-09-22T13:31:44.199, 406.78, 141.98, 401.58, 115.77
2025-09-22T13:31:44.215, 406.78, 141.98, 399.68, 113.55
2025-09-22T13:31:44.231, 406.78, 141.98, 397.84, 111.47
2025-09-22T13:31:44.249, 406.78, 141.98, 395.78, 109.21
2025-09-22T13:31:44.265, 406.78, 141.98, 393.75, 107.07
2025-09-22T13:31:44.282, 406.78, 141.98, 391.70, 104.98
2025-09-22T13:31:44.300, 406.78, 141.74, 389.62, 102.91
2025-09-22T13:31:44.316, 405.95, 141.19, 387.49, 100.88
2025-09-22T13:31:44.333, 399.53, 134.77, 385.35, 98.90
2025-09-22T13:31:44.349, 391.67, 126.41, 383.16, 96.94
2025-09-22T13:31:44.366, 384.46, 118.78, 380.95, 95.03
2025-09-22T13:31:44.383, 377.45, 111.77, 378.81, 93.24
2025-09-22T13:31:44.399, 373.74, 107.23, 376.42, 91.30
2025-09-22T13:31:44.416, 372.00, 104.80, 374.11, 89.50
2025-09-22T13:31:44.432, 371.16, 103.97, 371.80, 87.76
2025-09-22T13:31:44.449, 370.64, 103.45, 369.40, 86.01
2025-09-22T13:31:44.466, 369.54, 102.92, 366.99, 84.32
2025-09-22T13:31:44.482, 369.28, 102.92, 364.71, 82.76
2025-09-22T13:31:44.499, 367.56, 101.77, 362.17, 81.09
2025-09-22T13:31:44.516, 366.04, 100.57, 359.65, 79.51
2025-09-22T13:31:44.532, 364.44, 99.25, 357.13, 77.97
2025-09-22T13:31:44.548, 362.93, 98.05, 354.75, 76.58
2025-09-22T13:31:44.566, 361.41, 96.84, 352.03, 75.05
2025-09-22T13:31:44.581, 360.26, 95.98, 349.61, 73.73
2025-09-22T13:31:44.599, 358.75, 95.09, 346.89, 72.32
2025-09-22T13:31:44.616, 357.23, 94.48, 344.27, 71.00
2025-09-22T13:31:44.632, 355.35, 93.54, 341.62, 69.74
2025-09-22T13:31:44.649, 353.04, 92.23, 338.95, 68.51
2025-09-22T13:31:44.666, 349.34, 90.01, 336.26, 67.33
2025-09-22T13:31:44.682, 345.99, 87.73, 333.56, 66.21
2025-09-22T13:31:44.700, 342.66, 85.52, 330.84, 65.12
2025-09-22T13:31:44.716, 339.81, 83.72, 328.09, 64.07
2025-09-22T13:31:44.732, 337.50, 82.41, 325.34, 63.08
2025-09-22T13:31:44.749, 335.54, 80.75, 322.56, 62.13
2025-09-22T13:31:44.766, 332.75, 79.02, 319.77, 61.23
2025-09-22T13:31:44.782, 328.83, 76.63, 316.98, 60.37
2025-09-22T13:31:44.799, 325.61, 75.54, 314.16, 59.56
2025-09-22T13:31:44.816, 322.40, 74.12, 311.35, 58.81
2025-09-22T13:31:44.839, 317.34, 72.29, 308.49, 58.09
2025-09-22T13:31:44.849, 315.97, 71.95, 305.63, 57.42
2025-09-22T13:31:44.864, 312.75, 70.86, 302.91, 56.83
2025-09-22T13:31:44.882, 310.02, 70.17, 299.89, 56.23
2025-09-22T13:31:44.899, 304.66, 68.10, 297.00, 55.70
2025-09-22T13:31:44.916, 300.32, 66.48, 294.11, 55.23
2025-09-22T13:31:44.932, 294.84, 64.75, 291.22, 54.80
2025-09-22T13:31:44.949, 291.09, 63.61, 288.31, 54.42
2025-09-22T13:31:44.966, 287.40, 62.49, 285.39, 54.09
2025-09-22T13:31:44.982, 284.66, 61.80, 282.46, 53.80
2025-09-22T13:31:44.998, 282.78, 61.49, 279.71, 53.58
2025-09-22T13:31:45.015, 281.63, 60.91, 276.80, 53.40
2025-09-22T13:31:45.032, 279.18, 59.99, 273.71, 53.25
2025-09-22T13:31:45.048, 276.87, 59.02, 270.93, 53.17
2025-09-22T13:31:45.065, 273.65, 57.96, 267.83, 53.13
2025-09-22T13:31:45.082, 270.92, 57.27, 264.90, 53.14
2025-09-22T13:31:45.099, 268.61, 56.61, 261.98, 53.20
2025-09-22T13:31:45.115, 266.73, 56.30, 259.04, 53.30
2025-09-22T13:31:45.132, 265.58, 56.01, 256.11, 53.46
2025-09-22T13:31:45.149, 263.70, 56.01, 253.20, 53.67
2025-09-22T13:31:45.166, 261.81, 56.01, 250.29, 53.92
2025-09-22T13:31:45.182, 257.47, 56.01, 247.45, 54.21
2025-09-22T13:31:45.199, 253.13, 55.58, 244.45, 54.58
2025-09-22T13:31:45.217, 248.78, 55.58, 241.54, 54.98
2025-09-22T13:31:45.232, 244.02, 55.58, 238.66, 55.42
2025-09-22T13:31:45.249, 239.79, 55.58, 235.76, 55.92
2025-09-22T13:31:45.266, 236.09, 55.58, 232.89, 56.46
2025-09-22T13:31:45.282, 233.78, 55.58, 230.15, 57.03
2025-09-22T13:31:45.299, 231.05, 56.26, 227.13, 57.70
2025-09-22T13:31:45.316, 228.26, 56.94, 224.31, 58.38
2025-09-22T13:31:45.332, 224.03, 57.70, 221.45, 59.12
2025-09-22T13:31:45.349, 220.81, 58.41, 218.64, 59.90
2025-09-22T13:31:45.366, 216.58, 59.54, 215.82, 60.73
2025-09-22T13:31:45.381, 212.89, 60.65, 213.19, 61.56
2025-09-22T13:31:45.398, 209.67, 61.70, 210.40, 62.48
2025-09-22T13:31:45.416, 206.46, 62.40, 207.48, 63.50
2025-09-22T13:31:45.432, 203.24, 63.45, 204.72, 64.52
2025-09-22T13:31:45.449, 200.51, 64.13, 202.00, 65.58
2025-09-22T13:31:45.466, 197.77, 64.81, 199.28, 66.68
2025-09-22T13:31:45.482, 195.04, 65.83, 196.59, 67.83
2025-09-22T13:31:45.499, 192.73, 66.79, 193.91, 69.03
2025-09-22T13:31:45.516, 189.52, 67.87, 191.25, 70.27
2025-09-22T13:31:45.532, 186.67, 69.66, 188.63, 71.55
2025-09-22T13:31:45.550, 180.42, 72.83, 186.01, 72.88
2025-09-22T13:31:45.565, 176.08, 74.79, 183.43, 74.25
2025-09-22T13:31:45.581, 175.14, 75.41, 180.98, 75.60
2025-09-22T13:31:45.598, 169.43, 78.04, 178.44, 77.05
2025-09-22T13:31:45.615, 165.73, 80.25, 175.78, 78.63
2025-09-22T13:31:45.632, 162.40, 82.10, 173.28, 80.17
2025-09-22T13:31:45.649, 159.07, 84.31, 170.83, 81.75
2025-09-22T13:31:45.664, 156.52, 86.01, 168.51, 83.29
2025-09-22T13:31:45.682, 152.62, 89.21, 165.98, 85.03
2025-09-22T13:31:45.699, 149.66, 91.43, 163.72, 86.65
2025-09-22T13:31:45.716, 147.61, 93.47, 161.21, 88.50
2025-09-22T13:31:45.732, 145.21, 95.18, 158.90, 90.27
2025-09-22T13:31:45.749, 143.33, 96.43, 156.61, 92.08
2025-09-22T13:31:45.765, 142.75, 96.71, 154.46, 93.85
2025-09-22T13:31:45.782, 140.30, 98.53, 152.11, 95.84
2025-09-22T13:31:45.799, 138.78, 99.13, 149.90, 97.77
2025-09-22T13:31:45.815, 137.92, 99.98, 147.73, 99.75
2025-09-22T13:31:45.832, 137.39, 100.50, 145.59, 101.76
2025-09-22T13:31:45.848, 137.13, 100.76, 143.49, 103.79
2025-09-22T13:31:45.865, 136.89, 101.00, 141.42, 105.87
2025-09-22T13:31:45.882, 136.89, 101.24, 139.39, 107.97
2025-09-22T13:31:45.899, 136.89, 101.48, 137.37, 110.13
2025-09-22T13:31:45.916, 136.89, 101.72, 135.42, 112.30